1.904893493652343750e+01
1.470635223388671875e+01
1.641956329345703125e+01
2.021269989013671875e+01
1.642887878417968750e+01
2.012156677246093750e+01
1.910899353027343750e+01
1.657169342041015625e+01
2.157433319091796875e+01
1.893938446044921875e+01
1.879270935058593750e+01
1.998323059082031250e+01
2.042825317382812500e+01
2.094475555419921875e+01
1.707524871826171875e+01
1.602623748779296875e+01
1.850782775878906250e+01
1.876172637939453125e+01
1.801420593261718750e+01
1.563992309570312500e+01
1.504428100585937500e+01
2.224713897705078125e+01
1.653946685791015625e+01
1.610414886474609375e+01
1.714583587646484375e+01
1.845133972167968750e+01
2.017910766601562500e+01
1.601826477050781250e+01
2.286798095703125000e+01
2.041262817382812500e+01
1.942677307128906250e+01
2.136233520507812500e+01
2.273137664794921875e+01
1.978474426269531250e+01
2.099305725097656250e+01
1.735855865478515625e+01
1.800579071044921875e+01
1.970854187011718750e+01
1.795326232910156250e+01
1.379582214355468750e+01
1.951414489746093750e+01
1.701284790039062500e+01
1.554090881347656250e+01
1.887088775634765625e+01
2.281728363037109375e+01
2.270703887939453125e+01
1.681586456298828125e+01
1.691034698486328125e+01
1.718902587890625000e+01
1.591909027099609375e+01
1.769847869873046875e+01
1.834616851806640625e+01
1.842199707031250000e+01
1.562899780273437500e+01
1.563769531250000000e+01
1.904376983642578125e+01
1.912189483642578125e+01
2.444007110595703125e+01
1.729837036132812500e+01
1.778250885009765625e+01
1.540571594238281250e+01
1.946157073974609375e+01
1.352685546875000000e+01
2.049595642089843750e+01
1.839664459228515625e+01
2.004139709472656250e+01
1.782411193847656250e+01
1.349961853027343750e+01
1.548638916015625000e+01
1.597651672363281250e+01
1.302265930175781250e+01
1.603016662597656250e+01
1.893981170654296875e+01
1.803797149658203125e+01
1.471929931640625000e+01
2.039587402343750000e+01
1.929022216796875000e+01
1.428419494628906250e+01
1.925453186035156250e+01
1.833228302001953125e+01
1.945808410644531250e+01
1.315615844726562500e+01
1.560843658447265625e+01
1.371457672119140625e+01
2.002445220947265625e+01
1.788394165039062500e+01
1.708065032958984375e+01
1.665845489501953125e+01
1.471228027343750000e+01
1.888746643066406250e+01
1.345149230957031250e+01
1.630919647216796875e+01
2.122785186767578125e+01
1.686914062500000000e+01
2.000934600830078125e+01
2.188195037841796875e+01
2.278903961181640625e+01
1.568307495117187500e+01
1.936747741699218750e+01
1.685430145263671875e+01
1.278756713867187500e+01
1.635215759277343750e+01
2.189736938476562500e+01
2.325985717773437500e+01
2.482338714599609375e+01
1.886476898193359375e+01
2.336343383789062500e+01
2.089724731445312500e+01
1.506878662109375000e+01
1.629175567626953125e+01
1.857502746582031250e+01
2.306143188476562500e+01
1.969536590576171875e+01
1.566895294189453125e+01
1.578148651123046875e+01
1.756535339355468750e+01
1.790003204345703125e+01
2.006113433837890625e+01
1.694229888916015625e+01
1.804638671875000000e+01
1.996782684326171875e+01
1.366020202636718750e+01
1.794785308837890625e+01
2.241317749023437500e+01
1.350778198242187500e+01
1.663530731201171875e+01
1.751256561279296875e+01
2.228532409667968750e+01
2.053141021728515625e+01
1.441000366210937500e+01
1.773146820068359375e+01
2.411263275146484375e+01
1.672150421142578125e+01
1.611652374267578125e+01
1.428939819335937500e+01
1.590895080566406250e+01
1.770150756835937500e+01
1.651921081542968750e+01
1.701964569091796875e+01
2.253401184082031250e+01
1.853021240234375000e+01
1.660727691650390625e+01
1.990723419189453125e+01
2.020043945312500000e+01
2.417604827880859375e+01
2.138845825195312500e+01
1.810110473632812500e+01
1.779555511474609375e+01
1.562732696533203125e+01
1.971246337890625000e+01
1.381478881835937500e+01
1.701641082763671875e+01
2.125392150878906250e+01
2.625877380371093750e+01
2.064691925048828125e+01
2.076261138916015625e+01
1.972261810302734375e+01
2.003484344482421875e+01
2.017462921142578125e+01
2.102272796630859375e+01
1.976450347900390625e+01
1.818067932128906250e+01
1.360638427734375000e+01
2.023736572265625000e+01
2.114187622070312500e+01
1.593482208251953125e+01
2.259508514404296875e+01
1.682032775878906250e+01
1.668798065185546875e+01
1.812564086914062500e+01
1.623441314697265625e+01
1.619970703125000000e+01
1.874551391601562500e+01
2.007083892822265625e+01
1.718948364257812500e+01
1.719744873046875000e+01
1.523868560791015625e+01
1.429023742675781250e+01
1.852066040039062500e+01
1.442137145996093750e+01
2.228401947021484375e+01
2.123841094970703125e+01
1.669869995117187500e+01
1.467234039306640625e+01
1.469529724121093750e+01
1.652153778076171875e+01
1.913533782958984375e+01
1.982574462890625000e+01
1.755252838134765625e+01
2.083498382568359375e+01
1.793769836425781250e+01
1.662886047363281250e+01
1.781413269042968750e+01
1.842706298828125000e+01
1.625425720214843750e+01
1.733878326416015625e+01
1.871166992187500000e+01
1.693421936035156250e+01
1.598361206054687500e+01
1.632542419433593750e+01
1.844492340087890625e+01
2.124431610107421875e+01
1.488656616210937500e+01
1.873345184326171875e+01
1.402446746826171875e+01
1.566342926025390625e+01
2.325766754150390625e+01
1.901588439941406250e+01
1.932948303222656250e+01
1.663803863525390625e+01
1.568194580078125000e+01
1.474608612060546875e+01
1.816533660888671875e+01
1.848137664794921875e+01
1.680681610107421875e+01
1.911235809326171875e+01
1.697467803955078125e+01
1.709864044189453125e+01
1.506378936767578125e+01
2.105651855468750000e+01
2.444259643554687500e+01
1.573001861572265625e+01
2.491718292236328125e+01
1.655994415283203125e+01
1.635356903076171875e+01
1.980265045166015625e+01
1.378900146484375000e+01
1.703452301025390625e+01
1.579763031005859375e+01
1.928382873535156250e+01
1.656562805175781250e+01
2.280982971191406250e+01
2.318918609619140625e+01
1.741603088378906250e+01
2.053296661376953125e+01
2.382914733886718750e+01
2.575074005126953125e+01
1.718994140625000000e+01
2.002739715576171875e+01
2.048025512695312500e+01
1.397285461425781250e+01
1.747523498535156250e+01
1.776312255859375000e+01
2.246501922607421875e+01
1.792636871337890625e+01
1.847081756591796875e+01
1.509416198730468750e+01
1.571318054199218750e+01
1.952685546875000000e+01
2.260701751708984375e+01
2.322211456298828125e+01
2.354856872558593750e+01
1.952240753173828125e+01
1.471775054931640625e+01
1.439698028564453125e+01
1.865878295898437500e+01
1.628797912597656250e+01
1.690753173828125000e+01
2.275177764892578125e+01
1.507417297363281250e+01
1.980197143554687500e+01
1.778078460693359375e+01
1.318229675292968750e+01
1.547193908691406250e+01
2.096652221679687500e+01
1.720977020263671875e+01
1.831430053710937500e+01
1.323329162597656250e+01
1.900514221191406250e+01
1.867092132568359375e+01
1.736711883544921875e+01
1.798054504394531250e+01
1.354925537109375000e+01
1.678696441650390625e+01
1.519972229003906250e+01
1.919167327880859375e+01
1.588897705078125000e+01
2.029618835449218750e+01
1.615759277343750000e+01
1.669367980957031250e+01
1.658593750000000000e+01
1.851280212402343750e+01
1.664441680908203125e+01
1.678682708740234375e+01
1.717683410644531250e+01
1.838006591796875000e+01
1.398147583007812500e+01
1.998203277587890625e+01
2.288066864013671875e+01
1.831508636474609375e+01
1.665496826171875000e+01
1.804158782958984375e+01
1.652738952636718750e+01
1.929837799072265625e+01
1.719722747802734375e+01
2.037023925781250000e+01
1.973397827148437500e+01
1.724613952636718750e+01
1.819982147216796875e+01
2.054553985595703125e+01
1.432275390625000000e+01
1.717126464843750000e+01
1.537503814697265625e+01
1.641654205322265625e+01
1.797758483886718750e+01
1.664849090576171875e+01
1.432159423828125000e+01
1.902323150634765625e+01
1.455442810058593750e+01
1.692980957031250000e+01
1.885025024414062500e+01
1.453701782226562500e+01
1.867797851562500000e+01
1.417854309082031250e+01
1.445645141601562500e+01
1.937259674072265625e+01
1.490642547607421875e+01
2.104851531982421875e+01
1.636708068847656250e+01
2.073827362060546875e+01
2.070489501953125000e+01
1.945111846923828125e+01
1.891885375976562500e+01
2.145154571533203125e+01
1.632172393798828125e+01
1.561049652099609375e+01
2.312046813964843750e+01
1.961842346191406250e+01
1.455068206787109375e+01
1.489846801757812500e+01
1.889296722412109375e+01
1.906186676025390625e+01
2.036808013916015625e+01
1.409941101074218750e+01
1.438475036621093750e+01
1.724483489990234375e+01
2.244206237792968750e+01
1.910324859619140625e+01
1.608909606933593750e+01
2.136345672607421875e+01
1.722489166259765625e+01
1.728432464599609375e+01
1.499427032470703125e+01
2.238980102539062500e+01
1.887969207763671875e+01
1.668397521972656250e+01
1.829578399658203125e+01
1.598097229003906250e+01
1.699781036376953125e+01
1.920848846435546875e+01
1.839396667480468750e+01
1.598538208007812500e+01
1.893568420410156250e+01
1.984593963623046875e+01
1.727904510498046875e+01
1.655228424072265625e+01
2.224217224121093750e+01
1.519010925292968750e+01
1.876377868652343750e+01
1.993078613281250000e+01
2.135101318359375000e+01
1.854238128662109375e+01
2.022727966308593750e+01
1.927881622314453125e+01
1.892794036865234375e+01
1.601963043212890625e+01
1.942436981201171875e+01
1.554682922363281250e+01
1.792435455322265625e+01
2.098571777343750000e+01
1.849011230468750000e+01
1.783049011230468750e+01
1.482115173339843750e+01
1.733519744873046875e+01
1.702581024169921875e+01
1.739450836181640625e+01
2.282928466796875000e+01
2.054393768310546875e+01
1.696926116943359375e+01
1.843730926513671875e+01
1.831114196777343750e+01
1.652574920654296875e+01
1.819812011718750000e+01
1.771791839599609375e+01
1.901304626464843750e+01
2.175871276855468750e+01
1.897185516357421875e+01
1.785465240478515625e+01
1.876937103271484375e+01
1.801183319091796875e+01
1.638430786132812500e+01
2.147175598144531250e+01
1.622747039794921875e+01
1.408135986328125000e+01
1.851780700683593750e+01
1.648223114013671875e+01
2.225776672363281250e+01
2.262120819091796875e+01
2.124903106689453125e+01
1.679581451416015625e+01
1.655278778076171875e+01
2.126089477539062500e+01
1.571843719482421875e+01
1.688967895507812500e+01
2.086248016357421875e+01
1.438946533203125000e+01
1.455619812011718750e+01
1.835430908203125000e+01
2.100567626953125000e+01
2.165468597412109375e+01
1.988122558593750000e+01
1.738375854492187500e+01
2.097422790527343750e+01
1.339212036132812500e+01
1.302510070800781250e+01
1.697541046142578125e+01
1.752008056640625000e+01
1.335786437988281250e+01
1.911695861816406250e+01
1.513652801513671875e+01
2.071114349365234375e+01
2.404476928710937500e+01
1.770373535156250000e+01
1.672784423828125000e+01
1.448374938964843750e+01
1.636672973632812500e+01
2.186820983886718750e+01
1.459025573730468750e+01
2.323600006103515625e+01
1.836398315429687500e+01
1.497766113281250000e+01
1.860984039306640625e+01
1.360234069824218750e+01
1.770675659179687500e+01
2.064077758789062500e+01
1.651306152343750000e+01
1.793721008300781250e+01
1.992955780029296875e+01
1.615799713134765625e+01
1.708058929443359375e+01
1.741108703613281250e+01
1.900091552734375000e+01
1.512223815917968750e+01
1.388743591308593750e+01
1.686022186279296875e+01
1.525014495849609375e+01
1.899900817871093750e+01
1.795984649658203125e+01
1.552652740478515625e+01
1.708557891845703125e+01
1.859980010986328125e+01
2.140753173828125000e+01
2.033103942871093750e+01
1.626207733154296875e+01
1.655263519287109375e+01
1.985342407226562500e+01
1.565070343017578125e+01
1.528709411621093750e+01
1.828354644775390625e+01
1.852515411376953125e+01
2.387696075439453125e+01
1.738723754882812500e+01
1.654631042480468750e+01
2.064369964599609375e+01
1.685501861572265625e+01
1.868125152587890625e+01
1.259822082519531250e+01
1.906647491455078125e+01
1.564744567871093750e+01
1.737361145019531250e+01
1.495629882812500000e+01
1.531228637695312500e+01
1.622261810302734375e+01
1.990034484863281250e+01
2.004920959472656250e+01
2.150625610351562500e+01
2.107307434082031250e+01
1.906033325195312500e+01
2.198232269287109375e+01
1.906272888183593750e+01
1.875794219970703125e+01
1.516184997558593750e+01
1.550244903564453125e+01
1.678586578369140625e+01
1.734216308593750000e+01
1.730596923828125000e+01
1.764021301269531250e+01
1.753752136230468750e+01
1.624346160888671875e+01
1.675603485107421875e+01
2.329960632324218750e+01
2.325261688232421875e+01
2.283251190185546875e+01
2.134852600097656250e+01
1.920383453369140625e+01
1.705405426025390625e+01
2.018802642822265625e+01
1.973686218261718750e+01
1.806014251708984375e+01
1.441650390625000000e+01
1.622982788085937500e+01
1.872007751464843750e+01
1.881977081298828125e+01
1.539350891113281250e+01
1.873278045654296875e+01
2.076123809814453125e+01
1.505821228027343750e+01
2.247095489501953125e+01
1.396190643310546875e+01
1.748545074462890625e+01
1.737033843994140625e+01
1.722714233398437500e+01
1.638236236572265625e+01
2.108779907226562500e+01
1.644273376464843750e+01
1.973129272460937500e+01
1.734777832031250000e+01
1.543866729736328125e+01
1.644841766357421875e+01
1.906065368652343750e+01
1.581958770751953125e+01
1.683889007568359375e+01
2.198263549804687500e+01
2.059883117675781250e+01
1.494567871093750000e+01
2.520668029785156250e+01
1.945699310302734375e+01
2.155949401855468750e+01
1.402592468261718750e+01
1.999009704589843750e+01
1.858491516113281250e+01
1.425427246093750000e+01
1.510413360595703125e+01
1.516095733642578125e+01
1.896905517578125000e+01
1.591905975341796875e+01
2.092308044433593750e+01
1.824398040771484375e+01
1.772191619873046875e+01
1.672795104980468750e+01
2.037918853759765625e+01
2.116117858886718750e+01
1.868756103515625000e+01
2.617602539062500000e+01
1.900168609619140625e+01
1.774155426025390625e+01
1.709941864013671875e+01
1.682071685791015625e+01
2.099406433105468750e+01
1.721752929687500000e+01
1.773789978027343750e+01
2.157072448730468750e+01
1.611384582519531250e+01
1.694651031494140625e+01
2.184171295166015625e+01
2.108445739746093750e+01
2.123223114013671875e+01
1.793713378906250000e+01
1.427429199218750000e+01
1.937468719482421875e+01
1.730191040039062500e+01
2.018362426757812500e+01
1.449851989746093750e+01
1.617467498779296875e+01
1.703627014160156250e+01
1.516401672363281250e+01
1.598437500000000000e+01
1.375727844238281250e+01
1.588323211669921875e+01
1.612404632568359375e+01
2.083671569824218750e+01
1.941558074951171875e+01
1.679333496093750000e+01
1.510975646972656250e+01
1.994335174560546875e+01
1.543199157714843750e+01
1.804808807373046875e+01
1.514518737792968750e+01
1.692735290527343750e+01
1.796202087402343750e+01
1.794200134277343750e+01
1.965264892578125000e+01
1.802986907958984375e+01
1.775921630859375000e+01
2.128060150146484375e+01
1.804206848144531250e+01
1.549042510986328125e+01
1.778375244140625000e+01
2.172106170654296875e+01
1.873579406738281250e+01
2.093437957763671875e+01
2.145869445800781250e+01
1.935830688476562500e+01
1.990995788574218750e+01
2.073222351074218750e+01
1.799725341796875000e+01
1.439489746093750000e+01
1.620505523681640625e+01
2.151010131835937500e+01
2.155683135986328125e+01
2.258535766601562500e+01
1.886837005615234375e+01
1.693751525878906250e+01
1.699113464355468750e+01
1.551150512695312500e+01
1.931608581542968750e+01
1.835628509521484375e+01
2.012752532958984375e+01
1.715744781494140625e+01
1.214024353027343750e+01
1.817919921875000000e+01
1.468192291259765625e+01
1.513605499267578125e+01
1.716780090332031250e+01
1.446429443359375000e+01
2.100909423828125000e+01
1.376948547363281250e+01
2.043289184570312500e+01
2.157387542724609375e+01
1.644692993164062500e+01
1.784503173828125000e+01
1.588062286376953125e+01
2.027108001708984375e+01
1.714627838134765625e+01
1.940793609619140625e+01
1.426959228515625000e+01
2.034347534179687500e+01
1.928646087646484375e+01
1.321382141113281250e+01
1.512638854980468750e+01
1.844325256347656250e+01
2.018022918701171875e+01
2.069933319091796875e+01
1.922560882568359375e+01
1.851715850830078125e+01
2.057203674316406250e+01
1.642132568359375000e+01
1.547743988037109375e+01
1.893845367431640625e+01
1.599712371826171875e+01
1.641209411621093750e+01
1.756290435791015625e+01
1.404551696777343750e+01
1.604254150390625000e+01
1.997357177734375000e+01
1.547875213623046875e+01
1.966439819335937500e+01
1.658209991455078125e+01
1.396690368652343750e+01
1.752179718017578125e+01
1.546983337402343750e+01
1.535549163818359375e+01
1.794853973388671875e+01
1.645315551757812500e+01
2.126287078857421875e+01
1.393820190429687500e+01
1.768000030517578125e+01
1.870642089843750000e+01
1.555801391601562500e+01
1.613417816162109375e+01
2.676393127441406250e+01
1.635540771484375000e+01
1.447209167480468750e+01
2.448997497558593750e+01
2.159449005126953125e+01
1.701488494873046875e+01
1.997536468505859375e+01
1.703379058837890625e+01
1.880797576904296875e+01
1.949168395996093750e+01
1.666996002197265625e+01
1.796929168701171875e+01
1.948523712158203125e+01
1.480973815917968750e+01
1.449433898925781250e+01
1.569779968261718750e+01
1.771512603759765625e+01
1.624168395996093750e+01
1.378952026367187500e+01
1.849081420898437500e+01
2.236730194091796875e+01
1.638928985595703125e+01
1.698487091064453125e+01
2.024686431884765625e+01
1.536395263671875000e+01
2.299818420410156250e+01
1.455521392822265625e+01
1.510700225830078125e+01
1.687477874755859375e+01
1.528789520263671875e+01
1.489312744140625000e+01
1.730059051513671875e+01
1.323591613769531250e+01
1.374861145019531250e+01
1.776604461669921875e+01
2.128098297119140625e+01
2.024297332763671875e+01
2.029179382324218750e+01
1.535072326660156250e+01
1.477066040039062500e+01
2.128246307373046875e+01
2.056321716308593750e+01
1.731033325195312500e+01
2.014289093017578125e+01
1.900814819335937500e+01
1.761638641357421875e+01
1.245950317382812500e+01
1.472402954101562500e+01
1.707721710205078125e+01
1.765042114257812500e+01
2.130604553222656250e+01
1.889138793945312500e+01
1.458795166015625000e+01
1.412818908691406250e+01
2.022056579589843750e+01
2.280498504638671875e+01
1.943875885009765625e+01
1.864218139648437500e+01
2.095761871337890625e+01
1.824546051025390625e+01
1.588918304443359375e+01
1.584879302978515625e+01
2.019589233398437500e+01
2.088615417480468750e+01
1.714020538330078125e+01
1.688659667968750000e+01
1.551755523681640625e+01
1.629522705078125000e+01
1.996439361572265625e+01
1.912951660156250000e+01
1.940262603759765625e+01
1.736616516113281250e+01
1.857910156250000000e+01
1.594182586669921875e+01
2.273691558837890625e+01
1.687904357910156250e+01
1.718348693847656250e+01
2.068096923828125000e+01
1.829594421386718750e+01
1.997993469238281250e+01
2.254479980468750000e+01
1.757687377929687500e+01
2.078064727783203125e+01
1.754358673095703125e+01
1.863277435302734375e+01
1.213412475585937500e+01
1.764208221435546875e+01
1.302207946777343750e+01
1.767251586914062500e+01
2.046578216552734375e+01
1.853319549560546875e+01
1.732562255859375000e+01
1.715182495117187500e+01
1.795339202880859375e+01
1.731108856201171875e+01
1.767115020751953125e+01
1.845694732666015625e+01
2.267093658447265625e+01
1.381886291503906250e+01
2.014221954345703125e+01
1.703192901611328125e+01
1.669049072265625000e+01
1.715901947021484375e+01
2.086668395996093750e+01
1.620571899414062500e+01
1.910205841064453125e+01
2.010768127441406250e+01
2.055816650390625000e+01
1.457771301269531250e+01
1.869345855712890625e+01
1.993820953369140625e+01
1.741185760498046875e+01
1.615769195556640625e+01
1.536415100097656250e+01
1.865943908691406250e+01
2.122569274902343750e+01
2.085604858398437500e+01
1.447721862792968750e+01
1.886277008056640625e+01
2.203357696533203125e+01
1.750067138671875000e+01
1.373599243164062500e+01
1.903005218505859375e+01
2.295495605468750000e+01
1.857769012451171875e+01
2.011837005615234375e+01
2.165122985839843750e+01
2.203136444091796875e+01
1.973545837402343750e+01
1.601325988769531250e+01
1.680651855468750000e+01
1.420853424072265625e+01
1.707275390625000000e+01
1.539762115478515625e+01
1.706099700927734375e+01
1.646368408203125000e+01
1.613312530517578125e+01
2.300025939941406250e+01
2.401976776123046875e+01
2.138025665283203125e+01
1.571732330322265625e+01
2.065506744384765625e+01
1.552778625488281250e+01
1.547892761230468750e+01
1.259545898437500000e+01
2.066257476806640625e+01
1.778333282470703125e+01
1.499897766113281250e+01
1.551380157470703125e+01
1.860212707519531250e+01
2.004712677001953125e+01
1.869075775146484375e+01
2.367642211914062500e+01
1.635551452636718750e+01
1.722736358642578125e+01
2.290385437011718750e+01
1.553926086425781250e+01
2.096104431152343750e+01
2.078720855712890625e+01
1.880816650390625000e+01
1.740880584716796875e+01
1.537757873535156250e+01
1.431430053710937500e+01
2.076960754394531250e+01
1.520232391357421875e+01
1.994779205322265625e+01
1.925561523437500000e+01
1.539617919921875000e+01
2.239285278320312500e+01
1.694591522216796875e+01
1.725273132324218750e+01
1.223040771484375000e+01
1.702596282958984375e+01
1.831536865234375000e+01
2.197221374511718750e+01
1.732979583740234375e+01
1.382705688476562500e+01
1.788540649414062500e+01
1.920907592773437500e+01
2.318752288818359375e+01
2.014934539794921875e+01
1.491413879394531250e+01
1.735710144042968750e+01
1.526354217529296875e+01
1.637731933593750000e+01
1.833138275146484375e+01
2.252899932861328125e+01
1.566522979736328125e+01
1.746147155761718750e+01
1.689392089843750000e+01
1.952583312988281250e+01
1.836544799804687500e+01
1.679046630859375000e+01
1.839161682128906250e+01
1.607460784912109375e+01
1.602230072021484375e+01
1.380430603027343750e+01
1.877393341064453125e+01
1.863410186767578125e+01
1.718085479736328125e+01
1.757077789306640625e+01
2.033587646484375000e+01
1.389178466796875000e+01
2.171043395996093750e+01
2.042929840087890625e+01
1.544133758544921875e+01
2.349120330810546875e+01
1.763789367675781250e+01
2.013792419433593750e+01
1.979458618164062500e+01
1.524749755859375000e+01
1.535910034179687500e+01
1.862321472167968750e+01
1.584081268310546875e+01
1.759524536132812500e+01
1.877658843994140625e+01
1.505464172363281250e+01
1.938531494140625000e+01
2.208039855957031250e+01
1.578071594238281250e+01
1.644700622558593750e+01
1.858916473388671875e+01
1.797531890869140625e+01
1.946294403076171875e+01
1.747361755371093750e+01
2.101416015625000000e+01
1.638125610351562500e+01
1.795890808105468750e+01
2.083582305908203125e+01
1.635830688476562500e+01
1.297363281250000000e+01
1.791248321533203125e+01
1.761865997314453125e+01
2.067707824707031250e+01
1.795238494873046875e+01
2.134304809570312500e+01
1.296643066406250000e+01
1.829626464843750000e+01
1.655985260009765625e+01
2.085047912597656250e+01
1.665908050537109375e+01
1.993962097167968750e+01
1.647829437255859375e+01
2.519243621826171875e+01
2.086271667480468750e+01
1.612577819824218750e+01
1.741162109375000000e+01
1.820840454101562500e+01
1.557289123535156250e+01
1.900638580322265625e+01
1.716984558105468750e+01
1.533154296875000000e+01
2.076100158691406250e+01
1.771290588378906250e+01
1.697927093505859375e+01
1.606413269042968750e+01
1.332841491699218750e+01
1.804517364501953125e+01
2.068061828613281250e+01
2.065247344970703125e+01
2.271713256835937500e+01
1.547322845458984375e+01
1.821591186523437500e+01
1.828393554687500000e+01
1.580411529541015625e+01
1.681720733642578125e+01
1.796807098388671875e+01
1.645994567871093750e+01
2.069866943359375000e+01
1.932413482666015625e+01
1.534354400634765625e+01
1.932434082031250000e+01
1.413014221191406250e+01
1.591387176513671875e+01
1.592036437988281250e+01
2.127925109863281250e+01
1.714731597900390625e+01
2.135174560546875000e+01
1.601807403564453125e+01
1.471658325195312500e+01
2.386712646484375000e+01
1.350473022460937500e+01
1.529361724853515625e+01
1.666342163085937500e+01
1.803087615966796875e+01
1.705985260009765625e+01
1.908122253417968750e+01
1.839810943603515625e+01
1.673698425292968750e+01
1.840534973144531250e+01
1.329670715332031250e+01
1.770143890380859375e+01
1.859211730957031250e+01
1.370738220214843750e+01
1.748247528076171875e+01
1.957398986816406250e+01
1.637754821777343750e+01
2.211952972412109375e+01
2.224050903320312500e+01
1.554735565185546875e+01
1.394885253906250000e+01
1.993650817871093750e+01
1.666602325439453125e+01
1.664220428466796875e+01
2.506570434570312500e+01
2.144741058349609375e+01
1.846422576904296875e+01
1.638158416748046875e+01
1.633945465087890625e+01
1.883662414550781250e+01
1.931219482421875000e+01
1.375210571289062500e+01
1.441419982910156250e+01
1.948262023925781250e+01
1.920095062255859375e+01
2.056077575683593750e+01
1.569470977783203125e+01
2.112241363525390625e+01
1.573561096191406250e+01
1.849578094482421875e+01
2.213681030273437500e+01
1.891113281250000000e+01
1.812542724609375000e+01
1.865513610839843750e+01
1.794293212890625000e+01
1.790485382080078125e+01
1.405572509765625000e+01
2.046878051757812500e+01
1.713335418701171875e+01
1.834857177734375000e+01
1.488901519775390625e+01
1.692446899414062500e+01
1.961593627929687500e+01
1.747956085205078125e+01
1.936672210693359375e+01
1.715547943115234375e+01
2.181299591064453125e+01
2.066330718994140625e+01
2.085002136230468750e+01
2.058474731445312500e+01
