4.465537071228027344e-01
4.404557049274444580e-01
3.777996003627777100e-01
4.312125146389007568e-01
5.533173680305480957e-01
3.752439916133880615e-01
3.818362057209014893e-01
4.115150868892669678e-01
3.682713210582733154e-01
4.120722115039825439e-01
4.985320270061492920e-01
4.847116172313690186e-01
3.443193137645721436e-01
3.218106329441070557e-01
3.041564226150512695e-01
4.852982759475708008e-01
3.493773937225341797e-01
3.170240819454193115e-01
3.742635548114776611e-01
4.478912651538848877e-01
4.063158333301544189e-01
3.511621057987213135e-01
3.999631404876708984e-01
4.734277725219726562e-01
5.133095383644104004e-01
2.797547876834869385e-01
3.127970099449157715e-01
4.798783361911773682e-01
3.320072889328002930e-01
5.063667297363281250e-01
5.430759191513061523e-01
4.697416722774505615e-01
4.737391471862792969e-01
3.366992473602294922e-01
5.091120004653930664e-01
3.920104205608367920e-01
3.484946787357330322e-01
3.394613265991210938e-01
4.606213569641113281e-01
4.443822205066680908e-01
3.315035402774810791e-01
3.525207340717315674e-01
4.186112880706787109e-01
4.121129810810089111e-01
4.328909814357757568e-01
3.014933168888092041e-01
4.620818197727203369e-01
6.171822547912597656e-01
4.902000427246093750e-01
3.579478263854980469e-01
3.992884457111358643e-01
4.659639596939086914e-01
3.628409802913665771e-01
4.105541408061981201e-01
3.021966516971588135e-01
3.524074256420135498e-01
3.282366394996643066e-01
4.497028291225433350e-01
3.996042013168334961e-01
3.714135587215423584e-01
3.691928386688232422e-01
4.044925868511199951e-01
3.412908613681793213e-01
4.161562621593475342e-01
4.803476333618164062e-01
4.615139067173004150e-01
3.690263926982879639e-01
5.242471098899841309e-01
3.909403085708618164e-01
3.395827710628509521e-01
3.552080690860748291e-01
4.498499631881713867e-01
3.516508042812347412e-01
3.807951211929321289e-01
3.352183401584625244e-01
3.869897127151489258e-01
3.844505250453948975e-01
4.930925071239471436e-01
3.964713513851165771e-01
4.567098915576934814e-01
3.541785776615142822e-01
4.102081358432769775e-01
4.204674661159515381e-01
4.026497602462768555e-01
2.621739804744720459e-01
3.499434292316436768e-01
4.633753597736358643e-01
3.773683607578277588e-01
4.411323964595794678e-01
5.029212236404418945e-01
4.477656185626983643e-01
2.884192466735839844e-01
3.573498427867889404e-01
3.680367469787597656e-01
3.081336319446563721e-01
4.004773199558258057e-01
3.478675186634063721e-01
3.677485883235931396e-01
3.815060555934906006e-01
3.759921789169311523e-01
3.365351855754852295e-01
4.034594595432281494e-01
3.696823418140411377e-01
2.795605361461639404e-01
3.588077723979949951e-01
3.507588803768157959e-01
3.896558284759521484e-01
4.311915338039398193e-01
3.585314452648162842e-01
3.628178536891937256e-01
3.718003928661346436e-01
3.800985515117645264e-01
4.910707175731658936e-01
5.537024140357971191e-01
3.682240545749664307e-01
4.606127738952636719e-01
4.574778079986572266e-01
4.021877348423004150e-01
3.844934701919555664e-01
3.316855728626251221e-01
3.521183729171752930e-01
3.818221092224121094e-01
4.688868224620819092e-01
3.190266191959381104e-01
4.002296030521392822e-01
4.187680184841156006e-01
4.627832174301147461e-01
3.487595021724700928e-01
3.625011742115020752e-01
4.003271162509918213e-01
3.699311912059783936e-01
3.176527023315429688e-01
4.372279942035675049e-01
3.625482618808746338e-01
3.644306957721710205e-01
3.074369430541992188e-01
4.115352332592010498e-01
4.299103915691375732e-01
4.435561597347259521e-01
4.129923582077026367e-01
4.153756201267242432e-01
3.408141434192657471e-01
4.607310295104980469e-01
5.112780332565307617e-01
2.660835981369018555e-01
3.631424009799957275e-01
4.217410981655120850e-01
4.602106511592864990e-01
3.297573029994964600e-01
3.590539395809173584e-01
3.579032123088836670e-01
4.632650911808013916e-01
4.747276008129119873e-01
4.592776596546173096e-01
4.250290095806121826e-01
3.661866188049316406e-01
4.801895916461944580e-01
3.670132160186767578e-01
3.825369179248809814e-01
3.033060133457183838e-01
3.998785912990570068e-01
2.859009504318237305e-01
3.553888797760009766e-01
4.114479124546051025e-01
2.579100430011749268e-01
3.231439292430877686e-01
3.839324712753295898e-01
4.258110821247100830e-01
3.755457103252410889e-01
2.185017019510269165e-01
3.100487589836120605e-01
3.618705272674560547e-01
3.519371449947357178e-01
3.518401384353637695e-01
3.133026361465454102e-01
3.939637243747711182e-01
4.809702336788177490e-01
3.951196968555450439e-01
3.983562886714935303e-01
3.486815392971038818e-01
2.606169879436492920e-01
3.493737280368804932e-01
4.478045403957366943e-01
4.124406278133392334e-01
4.413887262344360352e-01
3.093532919883728027e-01
3.126221597194671631e-01
3.492399156093597412e-01
3.691707849502563477e-01
4.005612134933471680e-01
3.672606945037841797e-01
4.482153952121734619e-01
4.114715754985809326e-01
3.784220218658447266e-01
3.337420523166656494e-01
4.000574052333831787e-01
3.296936452388763428e-01
3.910907506942749023e-01
3.874177038669586182e-01
4.277546405792236328e-01
4.168347120285034180e-01
5.210421681404113770e-01
4.715907275676727295e-01
3.741564750671386719e-01
5.347202420234680176e-01
4.259646832942962646e-01
3.133257925510406494e-01
4.115004837512969971e-01
5.123958587646484375e-01
3.030989766120910645e-01
3.478362560272216797e-01
3.324371278285980225e-01
3.605912625789642334e-01
3.238041698932647705e-01
5.936153531074523926e-01
5.203480124473571777e-01
3.710719645023345947e-01
3.748620748519897461e-01
4.035458862781524658e-01
4.483443200588226318e-01
3.945913612842559814e-01
4.133903980255126953e-01
3.487766981124877930e-01
3.612962067127227783e-01
4.588820934295654297e-01
4.024050533771514893e-01
3.002307415008544922e-01
3.370305597782135010e-01
5.410804152488708496e-01
3.803034126758575439e-01
3.678835928440093994e-01
4.820496141910552979e-01
4.509695470333099365e-01
5.040875077247619629e-01
3.642392158508300781e-01
4.355584383010864258e-01
2.936905324459075928e-01
4.323588907718658447e-01
5.431594848632812500e-01
4.584111869335174561e-01
2.943617403507232666e-01
4.048934280872344971e-01
3.271156549453735352e-01
4.211193025112152100e-01
5.257375240325927734e-01
5.082581043243408203e-01
3.625179529190063477e-01
4.539742469787597656e-01
3.602937459945678711e-01
4.217681586742401123e-01
3.939555585384368896e-01
3.824445009231567383e-01
4.471819698810577393e-01
3.008180558681488037e-01
3.447770774364471436e-01
3.799780905246734619e-01
4.029406309127807617e-01
3.486576974391937256e-01
2.961411774158477783e-01
3.692144453525543213e-01
4.601887762546539307e-01
4.717204570770263672e-01
4.463009536266326904e-01
4.189769327640533447e-01
4.295579195022583008e-01
3.783646821975708008e-01
3.416920602321624756e-01
3.268666565418243408e-01
4.960703849792480469e-01
3.235760629177093506e-01
3.013347685337066650e-01
4.560166895389556885e-01
3.420653343200683594e-01
4.159298837184906006e-01
2.603704631328582764e-01
3.170437514781951904e-01
4.347209632396697998e-01
5.399867892265319824e-01
3.188755214214324951e-01
4.667029380798339844e-01
5.080484151840209961e-01
2.708790600299835205e-01
3.352003097534179688e-01
4.596309363842010498e-01
3.875029087066650391e-01
3.488168418407440186e-01
4.120922982692718506e-01
3.160335123538970947e-01
4.798180758953094482e-01
2.861032187938690186e-01
3.165756464004516602e-01
3.465737402439117432e-01
5.855778455734252930e-01
5.338528156280517578e-01
3.827944099903106689e-01
3.645568788051605225e-01
3.669613301753997803e-01
4.645131826400756836e-01
3.118177354335784912e-01
3.720951080322265625e-01
3.414617478847503662e-01
3.990947306156158447e-01
4.018060266971588135e-01
2.405946254730224609e-01
3.361191749572753906e-01
4.903080761432647705e-01
3.836715519428253174e-01
4.841058254241943359e-01
4.799382388591766357e-01
5.797821283340454102e-01
4.850842058658599854e-01
3.114813268184661865e-01
4.110532104969024658e-01
4.100263118743896484e-01
4.889809787273406982e-01
4.424600303173065186e-01
3.907718956470489502e-01
3.286063075065612793e-01
3.677690923213958740e-01
4.712440073490142822e-01
5.169333219528198242e-01
4.755202829837799072e-01
4.555327594280242920e-01
4.096792042255401611e-01
3.748604059219360352e-01
4.320532083511352539e-01
3.344649970531463623e-01
5.170756578445434570e-01
3.738504648208618164e-01
3.434177637100219727e-01
3.822202980518341064e-01
5.700203180313110352e-01
3.307814896106719971e-01
4.040812253952026367e-01
4.680805206298828125e-01
4.019433557987213135e-01
3.393996655941009521e-01
4.980375468730926514e-01
4.048458337783813477e-01
4.236594736576080322e-01
4.560331106185913086e-01
3.772314488887786865e-01
3.727150857448577881e-01
4.347582757472991943e-01
4.602617025375366211e-01
3.966731727123260498e-01
3.892133235931396484e-01
3.170353770256042480e-01
4.794313013553619385e-01
3.113171160221099854e-01
4.069869220256805420e-01
3.287056386470794678e-01
4.237756431102752686e-01
3.537841737270355225e-01
4.418482780456542969e-01
4.188788831233978271e-01
3.257927000522613525e-01
3.377611339092254639e-01
3.592209517955780029e-01
3.684285879135131836e-01
4.802560806274414062e-01
3.666512966156005859e-01
3.658202588558197021e-01
3.183048069477081299e-01
3.588246405124664307e-01
3.183624446392059326e-01
3.607620000839233398e-01
4.555646181106567383e-01
4.085533320903778076e-01
4.975070953369140625e-01
3.907500803470611572e-01
3.637974560260772705e-01
5.049170255661010742e-01
4.903391897678375244e-01
2.575138509273529053e-01
3.234895765781402588e-01
3.090684115886688232e-01
3.593333661556243896e-01
3.608474433422088623e-01
4.673676490783691406e-01
4.485266506671905518e-01
4.603555202484130859e-01
4.894636869430541992e-01
4.909103810787200928e-01
4.161672890186309814e-01
2.992846965789794922e-01
3.381713926792144775e-01
4.432946145534515381e-01
4.481082260608673096e-01
4.455682933330535889e-01
4.065691530704498291e-01
3.906395137310028076e-01
3.356953561305999756e-01
2.765278816223144531e-01
4.235048294067382812e-01
5.781055092811584473e-01
3.037255704402923584e-01
3.290741443634033203e-01
5.084715485572814941e-01
3.933785855770111084e-01
4.158028066158294678e-01
3.619760572910308838e-01
4.843840301036834717e-01
3.987537920475006104e-01
3.333895206451416016e-01
4.566142857074737549e-01
4.979078769683837891e-01
5.021284222602844238e-01
4.683248102664947510e-01
3.236165940761566162e-01
4.261600077152252197e-01
3.676951825618743896e-01
4.053159952163696289e-01
5.073578953742980957e-01
4.250866472721099854e-01
4.144011735916137695e-01
4.125113785266876221e-01
5.083882212638854980e-01
3.474155366420745850e-01
3.228975236415863037e-01
3.946686089038848877e-01
5.361512899398803711e-01
4.079123437404632568e-01
4.193418323993682861e-01
4.372783005237579346e-01
3.593952655792236328e-01
5.644162297248840332e-01
4.131735265254974365e-01
5.478591918945312500e-01
3.779401481151580811e-01
3.196306228637695312e-01
3.193095028400421143e-01
2.965809404850006104e-01
3.378355503082275391e-01
4.376269578933715820e-01
3.208215832710266113e-01
3.218232095241546631e-01
3.414150178432464600e-01
4.785143136978149414e-01
3.604449927806854248e-01
4.454757273197174072e-01
4.781780242919921875e-01
5.392218828201293945e-01
3.828715085983276367e-01
3.559578359127044678e-01
4.911865890026092529e-01
3.686566352844238281e-01
4.101638793945312500e-01
4.026502072811126709e-01
5.044154524803161621e-01
3.459074199199676514e-01
3.345330953598022461e-01
3.827015459537506104e-01
3.491216599941253662e-01
3.727260828018188477e-01
3.820036351680755615e-01
4.332180321216583252e-01
3.549039065837860107e-01
4.875089228153228760e-01
5.239422321319580078e-01
5.024208426475524902e-01
4.417536556720733643e-01
2.385387271642684937e-01
2.538470923900604248e-01
4.030636548995971680e-01
3.760448992252349854e-01
4.908558130264282227e-01
4.930807352066040039e-01
3.841256201267242432e-01
3.692223131656646729e-01
3.656213581562042236e-01
6.114087700843811035e-01
4.007640779018402100e-01
4.819475412368774414e-01
3.777638971805572510e-01
4.100480973720550537e-01
3.505440950393676758e-01
2.697470784187316895e-01
3.076911270618438721e-01
4.571499824523925781e-01
3.847734630107879639e-01
2.783602774143218994e-01
4.665484726428985596e-01
4.604990184307098389e-01
4.078632593154907227e-01
3.734600543975830078e-01
5.291971564292907715e-01
4.468915164470672607e-01
4.200396835803985596e-01
3.579312264919281006e-01
3.278385102748870850e-01
3.797986209392547607e-01
5.915392041206359863e-01
3.800560235977172852e-01
4.411108493804931641e-01
4.162566959857940674e-01
3.902239501476287842e-01
4.597830772399902344e-01
4.121397733688354492e-01
4.927300512790679932e-01
3.997677862644195557e-01
3.402212858200073242e-01
4.775073528289794922e-01
4.388396739959716797e-01
3.032604157924652100e-01
3.516667783260345459e-01
3.789460957050323486e-01
3.688457012176513672e-01
5.808100104331970215e-01
4.659529626369476318e-01
3.666525781154632568e-01
4.379278719425201416e-01
3.702163696289062500e-01
5.195552706718444824e-01
3.874256610870361328e-01
4.326589107513427734e-01
4.479859769344329834e-01
2.902760207653045654e-01
4.629280567169189453e-01
3.822269141674041748e-01
2.861970663070678711e-01
3.446559607982635498e-01
3.244116604328155518e-01
4.718611538410186768e-01
4.139002561569213867e-01
3.593723773956298828e-01
3.694666624069213867e-01
4.064700603485107422e-01
3.697873651981353760e-01
4.986710846424102783e-01
4.914862215518951416e-01
4.341602623462677002e-01
6.077428460121154785e-01
3.649233579635620117e-01
2.930583655834197998e-01
4.449323415756225586e-01
3.644678294658660889e-01
3.350305259227752686e-01
3.966787159442901611e-01
3.989768326282501221e-01
4.488922655582427979e-01
4.127108156681060791e-01
3.590247929096221924e-01
3.294329345226287842e-01
3.218981623649597168e-01
4.014222919940948486e-01
3.283989429473876953e-01
4.591180086135864258e-01
3.544839918613433838e-01
3.296330273151397705e-01
3.484947979450225830e-01
4.183211326599121094e-01
2.739957273006439209e-01
3.343256711959838867e-01
3.113949000835418701e-01
4.185421168804168701e-01
4.821827113628387451e-01
3.647736012935638428e-01
3.217068910598754883e-01
3.691519796848297119e-01
4.044965505599975586e-01
4.600170552730560303e-01
4.083116054534912109e-01
3.791319429874420166e-01
3.621347248554229736e-01
3.077277839183807373e-01
3.620429039001464844e-01
3.992261886596679688e-01
3.590765893459320068e-01
4.344494044780731201e-01
2.849793732166290283e-01
2.809546291828155518e-01
3.164286017417907715e-01
3.960915803909301758e-01
3.757672309875488281e-01
2.711787223815917969e-01
2.945368587970733643e-01
3.068877756595611572e-01
2.795887291431427002e-01
3.575804531574249268e-01
3.975884616374969482e-01
3.077905476093292236e-01
3.634293377399444580e-01
3.832967281341552734e-01
4.391663074493408203e-01
4.609124362468719482e-01
4.242958724498748779e-01
5.283645987510681152e-01
4.517166614532470703e-01
4.549218714237213135e-01
3.725701570510864258e-01
2.916210293769836426e-01
3.562348186969757080e-01
3.310876190662384033e-01
4.211741685867309570e-01
4.730516970157623291e-01
3.451471030712127686e-01
3.708655834197998047e-01
3.098818063735961914e-01
3.927970826625823975e-01
4.241898059844970703e-01
3.146269023418426514e-01
3.937295377254486084e-01
4.534287750720977783e-01
4.371443986892700195e-01
3.815579712390899658e-01
4.572634696960449219e-01
4.206838309764862061e-01
4.590381085872650146e-01
4.254395663738250732e-01
4.109189510345458984e-01
4.474953114986419678e-01
3.785460889339447021e-01
3.462041914463043213e-01
3.475778996944427490e-01
4.419428408145904541e-01
4.003996551036834717e-01
3.539890944957733154e-01
3.453916311264038086e-01
5.028707981109619141e-01
4.463596642017364502e-01
3.522199690341949463e-01
4.071048498153686523e-01
4.128205478191375732e-01
4.043985605239868164e-01
3.287990391254425049e-01
3.357431888580322266e-01
3.283543884754180908e-01
4.883639812469482422e-01
4.535656273365020752e-01
3.348156511783599854e-01
3.996653556823730469e-01
2.872545123100280762e-01
2.537248432636260986e-01
3.397003114223480225e-01
3.415674269199371338e-01
3.378256261348724365e-01
2.793627679347991943e-01
3.309486210346221924e-01
4.976414442062377930e-01
3.963218629360198975e-01
3.841660022735595703e-01
5.116286873817443848e-01
5.396712422370910645e-01
4.039547443389892578e-01
4.119251072406768799e-01
3.570098876953125000e-01
4.027686119079589844e-01
4.684486687183380127e-01
3.623344600200653076e-01
4.394256770610809326e-01
5.285797715187072754e-01
4.228778779506683350e-01
4.904813468456268311e-01
3.257985711097717285e-01
4.042309224605560303e-01
2.995082437992095947e-01
3.743661642074584961e-01
4.590525627136230469e-01
5.093840956687927246e-01
3.912576138973236084e-01
4.613846540451049805e-01
3.220233619213104248e-01
3.340473473072052002e-01
6.834532618522644043e-01
6.184741854667663574e-01
5.333999991416931152e-01
2.937089502811431885e-01
4.600071907043457031e-01
4.346990883350372314e-01
3.646267652511596680e-01
5.045112967491149902e-01
5.169818401336669922e-01
4.429552555084228516e-01
4.763809442520141602e-01
4.002784788608551025e-01
4.527535438537597656e-01
4.129818975925445557e-01
3.565473556518554688e-01
3.150216639041900635e-01
3.270570337772369385e-01
3.707352876663208008e-01
3.878634870052337646e-01
3.194854557514190674e-01
4.031496047973632812e-01
4.679471552371978760e-01
4.583140909671783447e-01
3.293408453464508057e-01
3.573658168315887451e-01
4.019838571548461914e-01
3.776416778564453125e-01
4.490551948547363281e-01
3.700293302536010742e-01
4.202564954757690430e-01
3.789704144001007080e-01
3.787909746170043945e-01
3.373673260211944580e-01
2.745670080184936523e-01
3.738895952701568604e-01
4.012410640716552734e-01
4.023814201354980469e-01
3.496786355972290039e-01
3.960642814636230469e-01
4.435455799102783203e-01
5.376656651496887207e-01
4.341737329959869385e-01
4.015284776687622070e-01
3.644125461578369141e-01
3.031263649463653564e-01
3.906088173389434814e-01
3.188581764698028564e-01
4.266225099563598633e-01
4.356443881988525391e-01
3.080619275569915771e-01
3.292883932590484619e-01
4.738368690013885498e-01
3.165083229541778564e-01
3.314370214939117432e-01
5.510723590850830078e-01
4.252870082855224609e-01
4.988224804401397705e-01
4.000652134418487549e-01
4.284657537937164307e-01
3.692128360271453857e-01
3.720057308673858643e-01
3.965563774108886719e-01
3.340610265731811523e-01
3.748898804187774658e-01
3.746714890003204346e-01
3.550954759120941162e-01
3.906264007091522217e-01
3.792842924594879150e-01
2.785122096538543701e-01
3.256366252899169922e-01
3.653368949890136719e-01
4.094860553741455078e-01
5.718359351158142090e-01
4.539567232131958008e-01
4.139398336410522461e-01
3.096839487552642822e-01
3.263854682445526123e-01
4.403367936611175537e-01
3.198781311511993408e-01
4.332841634750366211e-01
4.545164108276367188e-01
4.158437550067901611e-01
3.601135909557342529e-01
4.963287115097045898e-01
4.468566179275512695e-01
3.920970261096954346e-01
3.953742980957031250e-01
4.224001169204711914e-01
3.515166342258453369e-01
3.061561584472656250e-01
3.182016313076019287e-01
4.327435195446014404e-01
4.424330294132232666e-01
4.273468554019927979e-01
3.980527222156524658e-01
4.967436790466308594e-01
3.798991739749908447e-01
4.586891233921051025e-01
2.361733317375183105e-01
3.377939462661743164e-01
3.634907007217407227e-01
3.749294579029083252e-01
3.510040044784545898e-01
3.679727613925933838e-01
3.703711330890655518e-01
3.485334813594818115e-01
4.486470520496368408e-01
3.145448267459869385e-01
4.523282051086425781e-01
3.703923225402832031e-01
4.515530169010162354e-01
5.225423574447631836e-01
3.245034217834472656e-01
3.225362896919250488e-01
4.932444393634796143e-01
3.856656849384307861e-01
3.763444125652313232e-01
5.484485030174255371e-01
4.364247322082519531e-01
4.383350610733032227e-01
3.774287402629852295e-01
3.818555176258087158e-01
3.309537172317504883e-01
4.828773736953735352e-01
3.057073652744293213e-01
5.300896167755126953e-01
5.077263712882995605e-01
3.826177418231964111e-01
3.765470087528228760e-01
5.363493561744689941e-01
4.126828014850616455e-01
3.745160996913909912e-01
4.063782393932342529e-01
4.977118968963623047e-01
5.041232705116271973e-01
3.917798995971679688e-01
4.391498863697052002e-01
3.069132268428802490e-01
4.046984016895294189e-01
6.613389849662780762e-01
5.020739436149597168e-01
4.521705806255340576e-01
3.528842926025390625e-01
3.937196731567382812e-01
3.482690155506134033e-01
4.300101101398468018e-01
5.370045304298400879e-01
3.826526105403900146e-01
4.899215400218963623e-01
4.616301953792572021e-01
2.952808141708374023e-01
4.611694812774658203e-01
4.207305014133453369e-01
3.696941435337066650e-01
4.311099350452423096e-01
6.519380211830139160e-01
4.755903482437133789e-01
3.501370251178741455e-01
5.076337456703186035e-01
4.558945894241333008e-01
4.446967542171478271e-01
4.097903966903686523e-01
4.087845385074615479e-01
3.128142654895782471e-01
3.439728021621704102e-01
3.353843986988067627e-01
4.200275242328643799e-01
4.123085737228393555e-01
4.326146543025970459e-01
4.222267568111419678e-01
4.445321559906005859e-01
4.574559628963470459e-01
4.371726214885711670e-01
5.343475937843322754e-01
3.189360201358795166e-01
3.765291273593902588e-01
3.588973283767700195e-01
4.353706538677215576e-01
3.283405601978302002e-01
3.954463899135589600e-01
3.270630240440368652e-01
4.640820920467376709e-01
3.904940187931060791e-01
3.523229658603668213e-01
3.969881832599639893e-01
4.166700541973114014e-01
3.639731407165527344e-01
4.635922014713287354e-01
4.498244225978851318e-01
3.853955566883087158e-01
2.224601060152053833e-01
4.106935262680053711e-01
3.896566927433013916e-01
3.747117519378662109e-01
5.637654662132263184e-01
4.298427104949951172e-01
4.264470636844635010e-01
3.457725346088409424e-01
4.122266769409179688e-01
5.337684750556945801e-01
4.865530431270599365e-01
3.744014203548431396e-01
4.240714311599731445e-01
3.451777398586273193e-01
3.372486531734466553e-01
4.227595031261444092e-01
3.495321571826934814e-01
2.374889850616455078e-01
4.013654887676239014e-01
3.419059216976165771e-01
3.935171067714691162e-01
3.787280321121215820e-01
5.166697502136230469e-01
4.830873906612396240e-01
2.706419527530670166e-01
3.399690091609954834e-01
5.650274753570556641e-01
4.312044382095336914e-01
3.618122041225433350e-01
4.269089698791503906e-01
4.151135385036468506e-01
4.893544912338256836e-01
4.004336297512054443e-01
3.611285686492919922e-01
3.854882717132568359e-01
3.983889520168304443e-01
3.666374683380126953e-01
5.308069586753845215e-01
4.835351705551147461e-01
4.028538465499877930e-01
3.937961757183074951e-01
5.042972564697265625e-01
4.188499450683593750e-01
4.847371876239776611e-01
3.997830152511596680e-01
4.147580564022064209e-01
4.186251163482666016e-01
4.008132219314575195e-01
3.857086002826690674e-01
4.336412847042083740e-01
4.654841721057891846e-01
3.318490684032440186e-01
3.410333693027496338e-01
4.715453088283538818e-01
5.147709250450134277e-01
3.979353904724121094e-01
4.894367158412933350e-01
3.534655272960662842e-01
3.987121284008026123e-01
1.865975409746170044e-01
5.030003190040588379e-01
5.018058419227600098e-01
4.227385818958282471e-01
2.993926107883453369e-01
3.539876937866210938e-01
2.948108017444610596e-01
3.266260921955108643e-01
5.039184093475341797e-01
5.211043953895568848e-01
4.210985600948333740e-01
4.994324147701263428e-01
4.366647899150848389e-01
3.801232874393463135e-01
4.502048492431640625e-01
3.870539665222167969e-01
3.633618652820587158e-01
3.430564105510711670e-01
3.944528102874755859e-01
3.867158889770507812e-01
3.901068866252899170e-01
3.700566589832305908e-01
3.354728519916534424e-01
3.439152538776397705e-01
3.506451547145843506e-01
5.487858057022094727e-01
3.707349300384521484e-01
5.529238581657409668e-01
4.375516474246978760e-01
3.871041536331176758e-01
4.299228191375732422e-01
2.648063004016876221e-01
3.765821158885955811e-01
4.203109741210937500e-01
5.464480519294738770e-01
4.018690586090087891e-01
3.719620406627655029e-01
3.610964715480804443e-01
4.355754554271697998e-01
4.200443923473358154e-01
3.552216291427612305e-01
4.103766381740570068e-01
3.084160983562469482e-01
5.311598181724548340e-01
4.731767177581787109e-01
4.364605844020843506e-01
4.000420868396759033e-01
5.068988204002380371e-01
3.589203357696533203e-01
3.713513314723968506e-01
5.383442044258117676e-01
5.533401370048522949e-01
2.922964394092559814e-01
4.659481346607208252e-01
4.689539968967437744e-01
4.071779251098632812e-01
4.504746496677398682e-01
3.769650459289550781e-01
3.334535658359527588e-01
3.984881937503814697e-01
4.634253084659576416e-01
5.209346413612365723e-01
4.211869239807128906e-01
3.876552581787109375e-01
3.574282228946685791e-01
5.729500055313110352e-01
4.490339457988739014e-01
4.289820194244384766e-01
2.916245162487030029e-01
4.255985319614410400e-01
3.826302587985992432e-01
3.663819730281829834e-01
4.581888020038604736e-01
3.392104804515838623e-01
3.851879835128784180e-01
4.632861316204071045e-01
3.860749900341033936e-01
3.280848264694213867e-01
4.778513610363006592e-01
3.703600168228149414e-01
3.900023400783538818e-01
3.634186089038848877e-01
3.195951879024505615e-01
3.532222807407379150e-01
3.920871317386627197e-01
3.293661177158355713e-01
4.352728426456451416e-01
