3.679922180175781250e+02
3.622323303222656250e+02
3.698263244628906250e+02
3.632966308593750000e+02
3.627026062011718750e+02
3.509452819824218750e+02
3.564545898437500000e+02
3.593713684082031250e+02
3.659560241699218750e+02
3.572748718261718750e+02
3.722583923339843750e+02
3.711095886230468750e+02
3.669538574218750000e+02
3.709750061035156250e+02
3.650406494140625000e+02
3.592045593261718750e+02
3.656666564941406250e+02
3.638862609863281250e+02
3.633343200683593750e+02
3.592180480957031250e+02
3.632643127441406250e+02
3.601008605957031250e+02
3.687265930175781250e+02
3.538913269042968750e+02
3.607205810546875000e+02
3.609958190917968750e+02
3.697077331542968750e+02
3.611499938964843750e+02
3.500168762207031250e+02
3.623136901855468750e+02
3.637633361816406250e+02
3.569884033203125000e+02
3.642381286621093750e+02
3.527958679199218750e+02
3.595385437011718750e+02
3.562077331542968750e+02
3.590292968750000000e+02
3.607508850097656250e+02
3.653024902343750000e+02
3.654995422363281250e+02
3.574550476074218750e+02
3.636593933105468750e+02
3.530118103027343750e+02
3.642019348144531250e+02
3.633763427734375000e+02
3.658504943847656250e+02
3.680372009277343750e+02
3.740484924316406250e+02
3.696088867187500000e+02
3.552060546875000000e+02
3.561778564453125000e+02
3.634788513183593750e+02
3.621208190917968750e+02
3.602604980468750000e+02
3.476956787109375000e+02
3.591353454589843750e+02
3.667381286621093750e+02
3.682993469238281250e+02
3.633031311035156250e+02
3.668847351074218750e+02
3.654994201660156250e+02
3.656156005859375000e+02
3.606894226074218750e+02
3.588119812011718750e+02
3.636261291503906250e+02
3.649377136230468750e+02
3.632681884765625000e+02
3.585905456542968750e+02
3.609008483886718750e+02
3.567062072753906250e+02
3.590168151855468750e+02
3.608171691894531250e+02
3.594101257324218750e+02
3.665806884765625000e+02
3.658857727050781250e+02
3.634052429199218750e+02
3.648764343261718750e+02
3.697055358886718750e+02
3.699554443359375000e+02
3.624666748046875000e+02
3.668888244628906250e+02
3.558412170410156250e+02
3.587787170410156250e+02
3.759879150390625000e+02
3.694336242675781250e+02
3.700668945312500000e+02
3.611918029785156250e+02
3.558326416015625000e+02
3.651174011230468750e+02
3.666802978515625000e+02
3.644692077636718750e+02
3.531988220214843750e+02
3.439406738281250000e+02
3.610147705078125000e+02
3.551488342285156250e+02
3.642738342285156250e+02
3.497637634277343750e+02
3.585298767089843750e+02
3.538609313964843750e+02
3.771996765136718750e+02
3.721446533203125000e+02
3.678099365234375000e+02
3.708775634765625000e+02
3.569228210449218750e+02
3.546912841796875000e+02
3.623438720703125000e+02
3.575931396484375000e+02
3.677547912597656250e+02
3.680448303222656250e+02
3.665474548339843750e+02
3.639401550292968750e+02
3.635759277343750000e+02
3.695114440917968750e+02
3.723450012207031250e+02
3.674422912597656250e+02
3.636647644042968750e+02
3.645325927734375000e+02
3.727739257812500000e+02
3.693952331542968750e+02
3.686192932128906250e+02
3.641531066894531250e+02
3.631521911621093750e+02
3.727333068847656250e+02
3.578710632324218750e+02
3.544031677246093750e+02
3.594788818359375000e+02
3.651335449218750000e+02
3.668291320800781250e+02
3.618976135253906250e+02
3.650780944824218750e+02
3.601350097656250000e+02
3.618197326660156250e+02
3.638672180175781250e+02
3.588197021484375000e+02
3.586518554687500000e+02
3.564106750488281250e+02
3.667740478515625000e+02
3.668131408691406250e+02
3.665893859863281250e+02
3.624288024902343750e+02
3.629868164062500000e+02
3.607653503417968750e+02
3.634049987792968750e+02
3.604256286621093750e+02
3.570964355468750000e+02
3.648411865234375000e+02
3.702602844238281250e+02
3.722967834472656250e+02
3.657297668457031250e+02
3.471644592285156250e+02
3.746467285156250000e+02
3.701415710449218750e+02
3.582202453613281250e+02
3.621921081542968750e+02
3.466326599121093750e+02
3.654858093261718750e+02
3.595578308105468750e+02
3.649681091308593750e+02
3.603013000488281250e+02
3.533154602050781250e+02
3.593749084472656250e+02
3.517794494628906250e+02
3.470760498046875000e+02
3.592254638671875000e+02
3.611167297363281250e+02
3.638752746582031250e+02
3.670790100097656250e+02
3.738020324707031250e+02
3.771123352050781250e+02
3.615850524902343750e+02
3.623317871093750000e+02
3.579258117675781250e+02
3.616684875488281250e+02
3.657716369628906250e+02
3.676297912597656250e+02
3.617486572265625000e+02
3.707264709472656250e+02
3.630505065917968750e+02
3.707304687500000000e+02
3.692670898437500000e+02
3.604274597167968750e+02
3.589518737792968750e+02
3.580704345703125000e+02
3.648363342285156250e+02
3.653846435546875000e+02
3.683538818359375000e+02
3.776306152343750000e+02
3.762273864746093750e+02
3.707618408203125000e+02
3.700108642578125000e+02
3.655419616699218750e+02
3.639721679687500000e+02
3.645421142578125000e+02
3.597503967285156250e+02
3.589464111328125000e+02
3.613620300292968750e+02
3.430554199218750000e+02
3.585162048339843750e+02
3.652450866699218750e+02
3.702413635253906250e+02
3.557829589843750000e+02
3.645115966796875000e+02
3.657410583496093750e+02
3.587987060546875000e+02
3.592265625000000000e+02
3.549903259277343750e+02
3.631104431152343750e+02
3.700109558105468750e+02
3.627253112792968750e+02
3.607799072265625000e+02
3.687127380371093750e+02
3.711759033203125000e+02
3.741551818847656250e+02
3.646052551269531250e+02
3.564176330566406250e+02
3.584981384277343750e+02
3.637963867187500000e+02
3.561258850097656250e+02
3.605046081542968750e+02
3.598699645996093750e+02
3.679530029296875000e+02
3.731346435546875000e+02
3.643987731933593750e+02
3.628557434082031250e+02
3.570219726562500000e+02
3.642871398925781250e+02
3.597362976074218750e+02
3.612459411621093750e+02
3.628300476074218750e+02
3.590263366699218750e+02
3.546584167480468750e+02
3.669477233886718750e+02
3.709866027832031250e+02
3.671663513183593750e+02
3.619119567871093750e+02
3.592187500000000000e+02
3.486953125000000000e+02
3.636152038574218750e+02
3.607229003906250000e+02
3.587890319824218750e+02
3.563446044921875000e+02
3.530171203613281250e+02
3.684896240234375000e+02
3.670971679687500000e+02
3.732287902832031250e+02
3.633377380371093750e+02
3.545574645996093750e+02
3.728874816894531250e+02
3.631471862792968750e+02
3.626517028808593750e+02
3.689292907714843750e+02
3.562167663574218750e+02
3.723973388671875000e+02
3.712065734863281250e+02
3.750851745605468750e+02
3.678852844238281250e+02
3.589129943847656250e+02
3.612223815917968750e+02
3.624819030761718750e+02
3.604526672363281250e+02
3.766420898437500000e+02
3.804988708496093750e+02
3.714287414550781250e+02
3.599593811035156250e+02
3.631510009765625000e+02
3.628326416015625000e+02
3.639656982421875000e+02
3.605450134277343750e+02
3.724975891113281250e+02
3.647064208984375000e+02
3.513915100097656250e+02
3.532473449707031250e+02
3.595320129394531250e+02
3.642469482421875000e+02
3.592818603515625000e+02
3.685271301269531250e+02
3.559960937500000000e+02
3.690707702636718750e+02
3.657065124511718750e+02
3.604088439941406250e+02
3.616410827636718750e+02
3.677079162597656250e+02
3.567058105468750000e+02
3.625365295410156250e+02
3.611943359375000000e+02
3.627374572753906250e+02
3.690985107421875000e+02
3.619974365234375000e+02
3.597758483886718750e+02
3.497899169921875000e+02
3.458257141113281250e+02
3.541404113769531250e+02
3.607320556640625000e+02
3.689042053222656250e+02
3.689769592285156250e+02
3.652163391113281250e+02
3.631899108886718750e+02
3.665180664062500000e+02
3.674244689941406250e+02
3.639402160644531250e+02
3.666450195312500000e+02
3.637600097656250000e+02
3.630301513671875000e+02
3.632850036621093750e+02
3.519923095703125000e+02
3.657187805175781250e+02
3.775742492675781250e+02
3.653978271484375000e+02
3.623896789550781250e+02
3.630542907714843750e+02
3.609935302734375000e+02
3.553114013671875000e+02
3.558617248535156250e+02
3.680607604980468750e+02
3.664365539550781250e+02
3.730731201171875000e+02
3.616847229003906250e+02
3.627884521484375000e+02
3.644626770019531250e+02
3.658671875000000000e+02
3.667953186035156250e+02
3.653179626464843750e+02
3.638500061035156250e+02
3.618043518066406250e+02
3.662304687500000000e+02
3.673172607421875000e+02
3.649600830078125000e+02
3.589014587402343750e+02
3.613975830078125000e+02
3.610027160644531250e+02
3.679305114746093750e+02
3.638967285156250000e+02
3.654664001464843750e+02
3.675437011718750000e+02
3.680475769042968750e+02
3.663052673339843750e+02
3.586471862792968750e+02
3.705878906250000000e+02
3.634570007324218750e+02
3.638811340332031250e+02
3.666390686035156250e+02
3.644304199218750000e+02
3.593740234375000000e+02
3.638376159667968750e+02
3.670929870605468750e+02
3.691820068359375000e+02
3.689990539550781250e+02
3.686844482421875000e+02
3.606763610839843750e+02
3.555848693847656250e+02
3.627462463378906250e+02
3.564043273925781250e+02
3.682102355957031250e+02
3.618154602050781250e+02
3.660670471191406250e+02
3.668863525390625000e+02
3.600617980957031250e+02
3.659717102050781250e+02
3.704883117675781250e+02
3.653030700683593750e+02
3.730307922363281250e+02
3.638876037597656250e+02
3.653971252441406250e+02
3.639107360839843750e+02
3.668221130371093750e+02
3.589740295410156250e+02
3.543774414062500000e+02
3.508592224121093750e+02
3.555281066894531250e+02
3.464486389160156250e+02
3.588996582031250000e+02
3.670676574707031250e+02
3.659815673828125000e+02
3.619031066894531250e+02
3.629765625000000000e+02
3.607006835937500000e+02
3.542940979003906250e+02
3.666660461425781250e+02
3.657441711425781250e+02
3.643849792480468750e+02
3.585173034667968750e+02
3.643023986816406250e+02
3.629448242187500000e+02
3.592800598144531250e+02
3.640091552734375000e+02
3.525119628906250000e+02
3.536455383300781250e+02
3.660804748535156250e+02
3.641048889160156250e+02
3.631352233886718750e+02
3.662074279785156250e+02
3.671608886718750000e+02
3.656992187500000000e+02
3.576449890136718750e+02
3.681891784667968750e+02
3.718349304199218750e+02
3.576873779296875000e+02
3.533570861816406250e+02
3.648035583496093750e+02
3.659590759277343750e+02
3.700270996093750000e+02
3.635615539550781250e+02
3.578765563964843750e+02
3.646509094238281250e+02
3.561936950683593750e+02
3.647214050292968750e+02
3.618116455078125000e+02
3.691172180175781250e+02
3.694356994628906250e+02
3.654203796386718750e+02
3.565737304687500000e+02
3.694842529296875000e+02
3.662302246093750000e+02
3.651525878906250000e+02
3.705666503906250000e+02
3.700078125000000000e+02
3.660242004394531250e+02
3.630637207031250000e+02
3.618522033691406250e+02
3.599514465332031250e+02
3.634465026855468750e+02
3.636645507812500000e+02
3.691134948730468750e+02
3.665926208496093750e+02
3.661270751953125000e+02
3.615399169921875000e+02
3.623690490722656250e+02
3.651109924316406250e+02
3.677773132324218750e+02
3.681307373046875000e+02
3.644876403808593750e+02
3.442490539550781250e+02
3.660289001464843750e+02
3.671987304687500000e+02
3.641348876953125000e+02
3.513514709472656250e+02
3.595151062011718750e+02
3.595595397949218750e+02
3.743376464843750000e+02
3.695518798828125000e+02
3.720216064453125000e+02
3.684830017089843750e+02
3.734748535156250000e+02
3.699925231933593750e+02
3.581399841308593750e+02
3.585278625488281250e+02
3.624974365234375000e+02
3.602719421386718750e+02
3.569602966308593750e+02
3.666891784667968750e+02
3.654974365234375000e+02
3.650363769531250000e+02
3.656559753417968750e+02
3.661910705566406250e+02
3.663038024902343750e+02
3.643130798339843750e+02
3.650518798828125000e+02
3.746116943359375000e+02
3.716224060058593750e+02
3.622272033691406250e+02
3.637074890136718750e+02
3.619846191406250000e+02
3.390461425781250000e+02
3.495555419921875000e+02
3.627425231933593750e+02
3.623492431640625000e+02
3.610826110839843750e+02
3.657399902343750000e+02
3.599465026855468750e+02
3.655052490234375000e+02
3.644421081542968750e+02
3.641435241699218750e+02
3.705463562011718750e+02
3.692164306640625000e+02
3.631562805175781250e+02
3.623504943847656250e+02
3.681421813964843750e+02
3.577256164550781250e+02
3.462459716796875000e+02
3.539367675781250000e+02
3.658844909667968750e+02
3.580499572753906250e+02
3.672158508300781250e+02
3.662726135253906250e+02
3.647396240234375000e+02
3.679869079589843750e+02
3.690782775878906250e+02
3.628022766113281250e+02
3.645825195312500000e+02
3.685525817871093750e+02
3.683058776855468750e+02
3.616833801269531250e+02
3.702459411621093750e+02
3.676407775878906250e+02
3.620664367675781250e+02
3.658934020996093750e+02
3.642676696777343750e+02
3.562353210449218750e+02
3.548156433105468750e+02
3.670788269042968750e+02
3.716203308105468750e+02
3.398865661621093750e+02
3.593213806152343750e+02
3.604202880859375000e+02
3.637207946777343750e+02
3.611292724609375000e+02
3.634793701171875000e+02
3.647427673339843750e+02
3.769717712402343750e+02
3.726359558105468750e+02
3.621610412597656250e+02
3.655255432128906250e+02
3.703290100097656250e+02
3.621310119628906250e+02
3.702050781250000000e+02
3.651602783203125000e+02
3.717672119140625000e+02
3.678203430175781250e+02
3.711402587890625000e+02
3.743845520019531250e+02
3.663219909667968750e+02
3.605074462890625000e+02
3.615256652832031250e+02
3.617179870605468750e+02
3.624212951660156250e+02
3.687394714355468750e+02
3.707680664062500000e+02
3.639367980957031250e+02
3.607617492675781250e+02
3.624552917480468750e+02
3.683758850097656250e+02
3.698741760253906250e+02
3.598562927246093750e+02
3.652359924316406250e+02
3.588634338378906250e+02
3.598927001953125000e+02
3.671392822265625000e+02
3.683804016113281250e+02
3.585489807128906250e+02
3.632990722656250000e+02
3.656284179687500000e+02
3.650282287597656250e+02
3.702284851074218750e+02
3.593077087402343750e+02
3.565454406738281250e+02
3.609055480957031250e+02
3.658886718750000000e+02
3.620810546875000000e+02
3.541845703125000000e+02
3.498217773437500000e+02
3.604770202636718750e+02
3.724903564453125000e+02
3.672008056640625000e+02
3.613160705566406250e+02
3.600364074707031250e+02
3.648577575683593750e+02
3.705328674316406250e+02
3.735989685058593750e+02
3.545415039062500000e+02
3.742586975097656250e+02
3.663428955078125000e+02
3.707406005859375000e+02
3.680840759277343750e+02
3.714243469238281250e+02
3.635608215332031250e+02
3.624679870605468750e+02
3.608757019042968750e+02
3.638402404785156250e+02
3.678928222656250000e+02
3.621522216796875000e+02
3.636442565917968750e+02
3.665647277832031250e+02
3.648464050292968750e+02
3.655661315917968750e+02
3.694768066406250000e+02
3.667658386230468750e+02
3.660838317871093750e+02
3.623800964355468750e+02
3.642590637207031250e+02
3.595722961425781250e+02
3.711317138671875000e+02
3.613952636718750000e+02
3.604411315917968750e+02
3.638269042968750000e+02
3.602042236328125000e+02
3.638448791503906250e+02
3.630168151855468750e+02
3.676020507812500000e+02
3.602814636230468750e+02
3.654559020996093750e+02
3.648568420410156250e+02
3.532872009277343750e+02
3.632305603027343750e+02
3.468713073730468750e+02
3.657724304199218750e+02
3.646856994628906250e+02
3.671747131347656250e+02
3.742395019531250000e+02
3.583791198730468750e+02
3.590936584472656250e+02
3.584757385253906250e+02
3.521432189941406250e+02
3.498337402343750000e+02
3.644406738281250000e+02
3.681497497558593750e+02
3.661028137207031250e+02
3.537611083984375000e+02
3.630137023925781250e+02
3.722553405761718750e+02
3.656624755859375000e+02
3.617434082031250000e+02
3.682348327636718750e+02
3.702445983886718750e+02
3.620484313964843750e+02
3.665179748535156250e+02
3.634966125488281250e+02
3.652647705078125000e+02
3.712349548339843750e+02
3.619793395996093750e+02
3.625185546875000000e+02
3.650717468261718750e+02
3.655631408691406250e+02
3.647979736328125000e+02
3.656575012207031250e+02
3.672945556640625000e+02
3.641335449218750000e+02
3.642668457031250000e+02
3.513171081542968750e+02
3.676092529296875000e+02
3.768107604980468750e+02
3.611413879394531250e+02
3.612947082519531250e+02
3.592738952636718750e+02
3.706555480957031250e+02
3.701095886230468750e+02
3.662954101562500000e+02
3.537592773437500000e+02
3.614447937011718750e+02
3.609020690917968750e+02
3.628880920410156250e+02
3.681037597656250000e+02
3.637486572265625000e+02
3.603042907714843750e+02
3.625140686035156250e+02
3.606264953613281250e+02
3.650592041015625000e+02
3.566922607421875000e+02
3.577410583496093750e+02
3.614907226562500000e+02
3.594234924316406250e+02
3.707442321777343750e+02
3.657131042480468750e+02
3.587405090332031250e+02
3.598108825683593750e+02
3.572852783203125000e+02
3.614902343750000000e+02
3.658084716796875000e+02
3.713259582519531250e+02
3.688112487792968750e+02
3.677805175781250000e+02
3.649193420410156250e+02
3.621659240722656250e+02
3.688779602050781250e+02
3.702759704589843750e+02
3.612679748535156250e+02
3.578105468750000000e+02
3.668126220703125000e+02
3.579714355468750000e+02
3.614577941894531250e+02
3.662225341796875000e+02
3.603410949707031250e+02
3.609599914550781250e+02
3.694562072753906250e+02
3.587433776855468750e+02
3.529971923828125000e+02
3.491571044921875000e+02
3.581821594238281250e+02
3.649180908203125000e+02
3.633116760253906250e+02
3.561765441894531250e+02
3.645559997558593750e+02
3.663328552246093750e+02
3.585988464355468750e+02
3.532618408203125000e+02
3.577181701660156250e+02
3.708642578125000000e+02
3.581016845703125000e+02
3.551369934082031250e+02
3.595488586425781250e+02
3.658318786621093750e+02
3.651840515136718750e+02
3.644731750488281250e+02
3.665100402832031250e+02
3.661865539550781250e+02
3.640832214355468750e+02
3.692670898437500000e+02
3.645528869628906250e+02
3.489587707519531250e+02
3.624617004394531250e+02
3.597167663574218750e+02
3.679213562011718750e+02
3.629367980957031250e+02
3.659109191894531250e+02
3.657513732910156250e+02
3.664347839355468750e+02
3.691796875000000000e+02
3.701038818359375000e+02
3.659984130859375000e+02
3.678696289062500000e+02
3.641101989746093750e+02
3.594798889160156250e+02
3.742365722656250000e+02
3.600970458984375000e+02
3.669178161621093750e+02
3.586506042480468750e+02
3.578527526855468750e+02
3.562614746093750000e+02
3.573755798339843750e+02
3.619075012207031250e+02
3.692750244140625000e+02
3.624951477050781250e+02
3.585499267578125000e+02
3.634273681640625000e+02
3.612483825683593750e+02
3.616889343261718750e+02
3.688853759765625000e+02
3.663885498046875000e+02
3.624389343261718750e+02
3.660905761718750000e+02
3.708118591308593750e+02
3.709172668457031250e+02
3.736727600097656250e+02
3.595446777343750000e+02
3.648654785156250000e+02
3.511000976562500000e+02
3.598287658691406250e+02
3.645179443359375000e+02
3.647492980957031250e+02
3.702531433105468750e+02
3.701911621093750000e+02
3.715271911621093750e+02
3.629930725097656250e+02
3.654410705566406250e+02
3.635787353515625000e+02
3.609821472167968750e+02
3.713679504394531250e+02
3.557993164062500000e+02
3.596088562011718750e+02
3.609580993652343750e+02
3.677272033691406250e+02
3.646594543457031250e+02
3.630868835449218750e+02
3.542743225097656250e+02
3.608613281250000000e+02
3.661610107421875000e+02
3.349238891601562500e+02
3.729322814941406250e+02
3.578768310546875000e+02
3.563370056152343750e+02
3.596815490722656250e+02
3.653352355957031250e+02
3.620735168457031250e+02
3.488016052246093750e+02
3.606918640136718750e+02
3.653662109375000000e+02
3.636955261230468750e+02
3.707174987792968750e+02
3.578383789062500000e+02
3.615437927246093750e+02
3.694389648437500000e+02
3.639217529296875000e+02
3.436751708984375000e+02
3.627828674316406250e+02
3.608356933593750000e+02
3.582828674316406250e+02
3.646786193847656250e+02
3.735603942871093750e+02
3.714657287597656250e+02
3.587835998535156250e+02
3.629537658691406250e+02
3.663908996582031250e+02
3.627326965332031250e+02
3.699190979003906250e+02
3.621772155761718750e+02
3.587717285156250000e+02
3.590885314941406250e+02
3.604198913574218750e+02
3.596778564453125000e+02
3.542754211425781250e+02
3.602258300781250000e+02
3.570125732421875000e+02
3.560937805175781250e+02
3.489963073730468750e+02
3.657268066406250000e+02
3.683072814941406250e+02
3.634906005859375000e+02
3.579319763183593750e+02
3.579918518066406250e+02
3.678218688964843750e+02
3.633027343750000000e+02
3.624010925292968750e+02
3.644421081542968750e+02
3.621592712402343750e+02
3.651527404785156250e+02
3.571579895019531250e+02
3.701979064941406250e+02
3.660777282714843750e+02
3.595391540527343750e+02
3.574434814453125000e+02
3.575019531250000000e+02
3.641609191894531250e+02
3.570118713378906250e+02
3.554881591796875000e+02
3.623355712890625000e+02
3.649614562988281250e+02
3.671722412109375000e+02
3.583154602050781250e+02
3.484280700683593750e+02
3.610993347167968750e+02
3.654137268066406250e+02
3.715111999511718750e+02
3.698882141113281250e+02
3.585513610839843750e+02
3.608765563964843750e+02
3.683384094238281250e+02
3.687582702636718750e+02
3.667565917968750000e+02
3.645537109375000000e+02
3.689325256347656250e+02
3.710885925292968750e+02
3.718799743652343750e+02
3.692264709472656250e+02
3.744434509277343750e+02
3.731355285644531250e+02
3.658669128417968750e+02
3.664124755859375000e+02
3.688024902343750000e+02
3.712888488769531250e+02
3.673677062988281250e+02
3.699507751464843750e+02
3.625066223144531250e+02
3.642214660644531250e+02
3.645770568847656250e+02
3.655948486328125000e+02
3.665697326660156250e+02
3.704181823730468750e+02
3.603476867675781250e+02
3.487496337890625000e+02
3.588417968750000000e+02
3.635954895019531250e+02
3.580043640136718750e+02
3.636511535644531250e+02
3.654035644531250000e+02
3.693537292480468750e+02
3.695930480957031250e+02
3.660606384277343750e+02
3.698020324707031250e+02
3.628099670410156250e+02
3.624958496093750000e+02
3.582351074218750000e+02
3.602286071777343750e+02
3.639394836425781250e+02
3.657549133300781250e+02
3.647781982421875000e+02
3.619775390625000000e+02
3.521705322265625000e+02
3.618441467285156250e+02
3.700751647949218750e+02
3.663055419921875000e+02
3.590813903808593750e+02
3.596539001464843750e+02
3.694143066406250000e+02
3.726975097656250000e+02
3.647651367187500000e+02
3.711257019042968750e+02
3.687006530761718750e+02
3.631093444824218750e+02
3.725925292968750000e+02
3.670830993652343750e+02
3.687476806640625000e+02
3.639552917480468750e+02
3.672826843261718750e+02
3.669889221191406250e+02
3.666910400390625000e+02
3.588935546875000000e+02
3.570466003417968750e+02
3.553291015625000000e+02
3.620742492675781250e+02
3.540406799316406250e+02
3.674652404785156250e+02
3.747357482910156250e+02
3.678494567871093750e+02
3.619653015136718750e+02
3.694067382812500000e+02
3.636987304687500000e+02
3.693753662109375000e+02
3.621353759765625000e+02
3.597684020996093750e+02
3.730771179199218750e+02
3.661543884277343750e+02
3.652595214843750000e+02
3.585334777832031250e+02
3.544687194824218750e+02
3.561031799316406250e+02
3.538636474609375000e+02
3.576014099121093750e+02
3.642503967285156250e+02
3.671454772949218750e+02
3.707245178222656250e+02
3.640933532714843750e+02
3.619530944824218750e+02
3.568363342285156250e+02
3.656144104003906250e+02
3.621212158203125000e+02
3.631184082031250000e+02
3.617733154296875000e+02
3.590547180175781250e+02
3.587584228515625000e+02
3.575380554199218750e+02
3.541680603027343750e+02
3.577069091796875000e+02
3.660054626464843750e+02
3.638782958984375000e+02
3.736165771484375000e+02
3.649660644531250000e+02
3.637768859863281250e+02
3.691271972656250000e+02
3.642527770996093750e+02
3.617900390625000000e+02
3.619601745605468750e+02
3.637921142578125000e+02
3.589335632324218750e+02
3.711429138183593750e+02
3.695224914550781250e+02
3.618826599121093750e+02
3.533445129394531250e+02
3.705799865722656250e+02
3.627944030761718750e+02
3.628957214355468750e+02
3.730170898437500000e+02
3.704285583496093750e+02
3.664799804687500000e+02
3.661202392578125000e+02
3.598126220703125000e+02
3.611883239746093750e+02
3.672026367187500000e+02
3.698064270019531250e+02
3.625600280761718750e+02
3.583987731933593750e+02
3.659455871582031250e+02
3.653351135253906250e+02
3.582833251953125000e+02
3.659818420410156250e+02
3.676131896972656250e+02
3.609101867675781250e+02
3.654674987792968750e+02
3.729933776855468750e+02
3.626616210937500000e+02
3.584758605957031250e+02
3.642965087890625000e+02
3.675401306152343750e+02
3.664378662109375000e+02
3.628114318847656250e+02
3.671885681152343750e+02
3.732003479003906250e+02
3.575905456542968750e+02
3.652419738769531250e+02
3.688024597167968750e+02
3.677566833496093750e+02
3.656624450683593750e+02
3.680063171386718750e+02
3.618759460449218750e+02
3.591427917480468750e+02
3.693570251464843750e+02
3.688381347656250000e+02
3.627541809082031250e+02
3.631407165527343750e+02
3.579866027832031250e+02
3.584068908691406250e+02
3.712035827636718750e+02
3.677325134277343750e+02
3.381578369140625000e+02
3.666131896972656250e+02
3.480848693847656250e+02
3.597458190917968750e+02
3.616238708496093750e+02
3.592546081542968750e+02
3.601961669921875000e+02
3.715647277832031250e+02
3.729045104980468750e+02
3.598483886718750000e+02
3.621891174316406250e+02
3.588675537109375000e+02
3.650824279785156250e+02
3.671043701171875000e+02
3.651158752441406250e+02
3.614924316406250000e+02
3.654428405761718750e+02
3.417022705078125000e+02
3.679456481933593750e+02
