-6.907503604888916016e+00
-3.934436798095703125e+00
-4.758834838867187500e+00
-6.838124752044677734e+00
-6.041023254394531250e+00
-6.468250274658203125e+00
-5.657269954681396484e+00
-3.175088167190551758e+00
-5.566080570220947266e+00
-6.867811679840087891e+00
-5.849445343017578125e+00
-4.931520938873291016e+00
-7.122055053710937500e+00
-5.178827762603759766e+00
-4.246990203857421875e+00
-5.639771938323974609e+00
-4.548986911773681641e+00
-2.675657987594604492e+00
-3.342928647994995117e+00
-4.746275424957275391e+00
-4.210782527923583984e+00
-6.423918247222900391e+00
-3.754395723342895508e+00
-4.232636928558349609e+00
-4.193994045257568359e+00
-3.001235961914062500e+00
-4.868174076080322266e+00
-4.289001464843750000e+00
-6.420355319976806641e+00
-5.363784790039062500e+00
-7.469453334808349609e+00
-7.146919250488281250e+00
-8.668094635009765625e+00
-6.951282501220703125e+00
-4.114723205566406250e+00
-4.532227993011474609e+00
-5.951487064361572266e+00
-5.153425693511962891e+00
-3.497997283935546875e+00
-2.353022336959838867e+00
-4.866803646087646484e+00
-5.945110321044921875e+00
-3.855608701705932617e+00
-5.913312435150146484e+00
-6.418099880218505859e+00
-7.357106685638427734e+00
-7.236062526702880859e+00
-7.961967468261718750e+00
-4.158416748046875000e+00
-2.546876192092895508e+00
-2.903202056884765625e+00
-6.883233547210693359e+00
-6.223409175872802734e+00
-4.560501098632812500e+00
-6.712567806243896484e+00
-3.951557159423828125e+00
-3.144776582717895508e+00
-6.672724246978759766e+00
-4.022171020507812500e+00
-5.098892211914062500e+00
-2.964223146438598633e+00
-5.267078399658203125e+00
-2.600049257278442383e+00
-2.965179443359375000e+00
-4.785766601562500000e+00
-4.702330112457275391e+00
-5.256346225738525391e+00
-3.889358520507812500e+00
-4.339746952056884766e+00
-3.257985353469848633e+00
-2.571098327636718750e+00
-3.154886960983276367e+00
-5.486219882965087891e+00
-5.010724544525146484e+00
-4.115760803222656250e+00
-4.097925662994384766e+00
-3.102935791015625000e+00
-3.029185056686401367e+00
-5.265314579010009766e+00
-5.010971069335937500e+00
-3.987372159957885742e+00
-2.249318361282348633e+00
-4.676107883453369141e+00
-4.094860076904296875e+00
-5.147203922271728516e+00
-5.258384704589843750e+00
-4.335169315338134766e+00
-4.300096035003662109e+00
-3.676594972610473633e+00
-4.658889770507812500e+00
-5.864143371582031250e+00
-5.962838649749755859e+00
-6.020040035247802734e+00
-4.045794010162353516e+00
-3.932127714157104492e+00
-8.141067504882812500e+00
-7.931814670562744141e+00
-4.664423465728759766e+00
-5.462693691253662109e+00
-2.727191925048828125e+00
-2.163264036178588867e+00
-3.575022459030151367e+00
-4.418174743652343750e+00
-4.200521945953369141e+00
-6.889469146728515625e+00
-4.647193908691406250e+00
-6.902177333831787109e+00
-5.463007450103759766e+00
-2.816991090774536133e+00
-4.136682033538818359e+00
-4.408238887786865234e+00
-5.114353179931640625e+00
-5.610612392425537109e+00
-3.519685029983520508e+00
-3.573622465133666992e+00
-5.212852478027343750e+00
-4.805755615234375000e+00
-5.932562351226806641e+00
-3.476678133010864258e+00
-5.079428195953369141e+00
-5.496721744537353516e+00
-2.096928834915161133e+00
-4.167007446289062500e+00
-5.871150970458984375e+00
-3.081153869628906250e+00
-5.931475162506103516e+00
-5.123490810394287109e+00
-5.686426639556884766e+00
-5.306589603424072266e+00
-1.246569275856018066e+00
-3.842941284179687500e+00
-5.516456604003906250e+00
-4.699202060699462891e+00
-3.114218473434448242e+00
-4.728687286376953125e+00
-5.172042846679687500e+00
-3.507499694824218750e+00
-3.750462770462036133e+00
-4.939983367919921875e+00
-5.601267337799072266e+00
-5.040931701660156250e+00
-4.507005214691162109e+00
-4.652903079986572266e+00
-4.692811489105224609e+00
-7.767093658447265625e+00
-8.698777198791503906e+00
-5.415428161621093750e+00
-5.540532588958740234e+00
-3.890125274658203125e+00
-6.026687622070312500e+00
-1.804588317871093750e+00
-4.673821926116943359e+00
-6.088304042816162109e+00
-7.468678951263427734e+00
-6.311573028564453125e+00
-6.380251407623291016e+00
-3.815990447998046875e+00
-3.894461393356323242e+00
-4.900722503662109375e+00
-6.291871547698974609e+00
-5.235664367675781250e+00
-6.237036228179931641e+00
-2.962270021438598633e+00
-4.160104274749755859e+00
-3.765925168991088867e+00
-3.347073793411254883e+00
-6.262371063232421875e+00
-2.873794555664062500e+00
-3.723109006881713867e+00
-4.043684482574462891e+00
-4.383024692535400391e+00
-5.023320674896240234e+00
-3.821289062500000000e+00
-5.029609680175781250e+00
-6.846767425537109375e+00
-3.417395353317260742e+00
-4.547441005706787109e+00
-1.023788452148437500e+00
-3.601196289062500000e+00
-3.281041383743286133e+00
-4.900170803070068359e+00
-5.218766689300537109e+00
-6.657596588134765625e+00
-3.545063018798828125e+00
-2.030723571777343750e+00
-4.869602203369140625e+00
-5.609540462493896484e+00
-5.695438385009765625e+00
-3.110666990280151367e+00
-5.853572845458984375e+00
-3.169853210449218750e+00
-3.289549589157104492e+00
-4.934289455413818359e+00
-3.855096101760864258e+00
-2.942438840866088867e+00
-6.178264617919921875e+00
-4.010854244232177734e+00
-3.701094388961791992e+00
-3.019109010696411133e+00
-5.580944061279296875e+00
-6.708158016204833984e+00
-7.456510066986083984e+00
-3.834004640579223633e+00
-3.203042268753051758e+00
-4.115212917327880859e+00
-5.437591552734375000e+00
-2.859798431396484375e+00
-5.299798488616943359e+00
-6.428630828857421875e+00
-4.476884365081787109e+00
-2.602340698242187500e+00
-3.850302457809448242e+00
-3.920234680175781250e+00
-5.277319431304931641e+00
-7.681902408599853516e+00
-6.130182743072509766e+00
-4.246225833892822266e+00
-5.197161197662353516e+00
-5.208702087402343750e+00
-4.821960449218750000e+00
-5.558579921722412109e+00
-3.407999753952026367e+00
-5.254827022552490234e+00
-4.933719635009765625e+00
-4.786215305328369141e+00
-5.117265224456787109e+00
-2.698036193847656250e+00
-4.850373744964599609e+00
-6.257131099700927734e+00
-7.584106445312500000e+00
-3.546279907226562500e+00
-6.290527343750000000e+00
-5.782426357269287109e+00
-6.574689388275146484e+00
-5.983728885650634766e+00
-6.523729801177978516e+00
-6.628775119781494141e+00
-5.546127319335937500e+00
-6.701288700103759766e+00
-5.686521053314208984e+00
-3.928382873535156250e+00
-5.499382019042968750e+00
-4.589185237884521484e+00
-5.578517913818359375e+00
-6.039218902587890625e+00
-6.816937923431396484e+00
-3.820676088333129883e+00
-4.153883457183837891e+00
-6.526799678802490234e+00
-7.836177825927734375e+00
-7.869982242584228516e+00
-6.977607727050781250e+00
-6.241583347320556641e+00
-2.988989591598510742e+00
-4.381590366363525391e+00
-3.573459625244140625e+00
-3.486859560012817383e+00
-3.867675781250000000e+00
-7.901885986328125000e+00
-3.166979551315307617e+00
-5.008321285247802734e+00
-7.446071624755859375e+00
-5.660886287689208984e+00
-3.388099670410156250e+00
-6.798365116119384766e+00
-6.474014282226562500e+00
-4.357482910156250000e+00
-2.280957460403442383e+00
-3.546915769577026367e+00
-4.406660556793212891e+00
-5.541616916656494141e+00
-5.654453277587890625e+00
-1.709444642066955566e+00
-4.551029205322265625e+00
-2.444249391555786133e+00
-3.722365140914916992e+00
-5.059865474700927734e+00
-4.668586730957031250e+00
-1.038683533668518066e+00
-4.796611785888671875e+00
-3.087453126907348633e+00
-4.221778869628906250e+00
-4.209657192230224609e+00
-4.563674926757812500e+00
-3.932673215866088867e+00
-3.564464569091796875e+00
-3.040847778320312500e+00
-5.484819889068603516e+00
-7.008853912353515625e+00
-6.245194911956787109e+00
-3.802775144577026367e+00
-5.290071010589599609e+00
-4.552080631256103516e+00
-5.823381900787353516e+00
-4.301202297210693359e+00
-5.849709987640380859e+00
-3.941967010498046875e+00
-3.135485410690307617e+00
-4.066030025482177734e+00
-4.163576602935791016e+00
-2.195208311080932617e+00
-4.012277126312255859e+00
-3.800903320312500000e+00
-1.562038421630859375e+00
-6.484821319580078125e+00
-4.617369174957275391e+00
-3.529256105422973633e+00
-4.852906703948974609e+00
-4.464884281158447266e+00
-4.457820892333984375e+00
-2.810727357864379883e+00
-2.254269838333129883e+00
-6.267385005950927734e+00
-4.019091129302978516e+00
-2.734695434570312500e+00
-6.236344814300537109e+00
-2.801158905029296875e+00
-4.641405582427978516e+00
-2.583625793457031250e+00
-5.493253231048583984e+00
-3.506827116012573242e+00
-5.015490055084228516e+00
-6.087543487548828125e+00
-7.724765777587890625e+00
-3.448655366897583008e+00
-3.040012359619140625e+00
-5.886548519134521484e+00
-5.837169647216796875e+00
-2.949187040328979492e+00
-2.697059631347656250e+00
-5.140840053558349609e+00
-4.612539768218994141e+00
-6.380143642425537109e+00
-1.954597473144531250e+00
-3.704811096191406250e+00
-3.664786100387573242e+00
-4.583658695220947266e+00
-5.472434997558593750e+00
-3.998278379440307617e+00
-4.882279872894287109e+00
-4.282499790191650391e+00
-6.237447261810302734e+00
-4.673825740814208984e+00
-7.766942501068115234e+00
-5.576723575592041016e+00
-4.671457767486572266e+00
-4.687068939208984375e+00
-4.245702266693115234e+00
-6.005926609039306641e+00
-3.336011171340942383e+00
-5.040061950683593750e+00
-5.056818485260009766e+00
-3.121508359909057617e+00
-4.543361663818359375e+00
-6.880487918853759766e+00
-4.621219635009765625e+00
-6.685128688812255859e+00
-3.290766477584838867e+00
-2.327626466751098633e+00
-4.726593017578125000e+00
-4.758527278900146484e+00
-4.526151180267333984e+00
-5.235742092132568359e+00
-3.980241060256958008e+00
-5.344087123870849609e+00
-3.633022308349609375e+00
-4.064057826995849609e+00
-2.355603456497192383e+00
-5.112697601318359375e+00
-7.676443576812744141e+00
-3.866106748580932617e+00
-5.054529666900634766e+00
-3.806747436523437500e+00
-4.883113861083984375e+00
-4.637350559234619141e+00
-3.778355836868286133e+00
-8.153937339782714844e+00
-3.942287445068359375e+00
-3.918989896774291992e+00
-5.955574035644531250e+00
-7.267732143402099609e+00
-5.577129364013671875e+00
-6.120642185211181641e+00
-4.695028781890869141e+00
-4.678183078765869141e+00
-5.954284667968750000e+00
-6.012040615081787109e+00
-6.902490139007568359e+00
-5.626016139984130859e+00
-4.202279567718505859e+00
-3.685803651809692383e+00
-5.834864139556884766e+00
-2.210615873336791992e+00
-2.993667602539062500e+00
-6.159586429595947266e+00
-6.989009857177734375e+00
-3.916877746582031250e+00
-3.994405031204223633e+00
-4.996450901031494141e+00
-5.187764644622802734e+00
-2.611904144287109375e+00
-6.118980407714843750e+00
-2.725877046585083008e+00
-3.017391204833984375e+00
-6.695648193359375000e+00
-4.094871520996093750e+00
-4.053845882415771484e+00
-3.772051572799682617e+00
-7.075808048248291016e+00
-7.423402309417724609e+00
-8.054378509521484375e+00
-5.148816585540771484e+00
-6.692780971527099609e+00
-3.843556642532348633e+00
-4.713236331939697266e+00
-3.966237306594848633e+00
-5.274523258209228516e+00
-3.073199033737182617e+00
-5.827612400054931641e+00
-4.503050327301025391e+00
-7.185791015625000000e+00
-7.142829895019531250e+00
-5.370559692382812500e+00
-5.341252803802490234e+00
-3.514513731002807617e+00
-4.078402042388916016e+00
-7.077031612396240234e+00
-3.101353883743286133e+00
-6.007896423339843750e+00
-3.568539857864379883e+00
-3.131724119186401367e+00
-4.280696868896484375e+00
-3.430783510208129883e+00
-2.779942750930786133e+00
-4.797392368316650391e+00
-3.864290952682495117e+00
-3.827128171920776367e+00
-4.713101863861083984e+00
-5.080316066741943359e+00
-4.094348907470703125e+00
-6.005864620208740234e+00
-5.558586120605468750e+00
-5.401462554931640625e+00
-3.214396238327026367e+00
-2.953581571578979492e+00
-3.513296842575073242e+00
-4.268197536468505859e+00
-3.172079801559448242e+00
-5.679487705230712891e+00
-3.305639982223510742e+00
-4.287117004394531250e+00
-8.304898262023925781e+00
-4.987096309661865234e+00
-3.244721651077270508e+00
-4.554495334625244141e+00
-5.885549068450927734e+00
-3.822982788085937500e+00
-3.018361330032348633e+00
-6.119611263275146484e+00
-5.038244724273681641e+00
-6.775964260101318359e+00
-6.953386783599853516e+00
-3.511589050292968750e+00
-3.377132415771484375e+00
-5.361717224121093750e+00
-4.570283412933349609e+00
-2.709337949752807617e+00
-3.610612154006958008e+00
-2.992474794387817383e+00
-2.854480743408203125e+00
-3.229202270507812500e+00
-4.484011173248291016e+00
-4.003623962402343750e+00
-4.592327117919921875e+00
-6.200449466705322266e+00
-3.295937776565551758e+00
-5.925923824310302734e+00
-4.635871887207031250e+00
-5.265238285064697266e+00
-5.775034427642822266e+00
-5.995488643646240234e+00
-3.883697509765625000e+00
-2.697317838668823242e+00
-5.733486175537109375e+00
-5.147859096527099609e+00
-6.139222621917724609e+00
-4.222914218902587891e+00
-2.429290771484375000e+00
-3.218573331832885742e+00
-6.087535858154296875e+00
-5.426236629486083984e+00
-6.099700927734375000e+00
-5.302640438079833984e+00
-6.629861354827880859e+00
-6.526679992675781250e+00
-4.762916564941406250e+00
-6.416365146636962891e+00
-6.578672885894775391e+00
-5.554578304290771484e+00
-3.241070985794067383e+00
-6.313299655914306641e+00
-5.766508579254150391e+00
-4.559297084808349609e+00
-4.603829860687255859e+00
-3.690001249313354492e+00
-4.794756412506103516e+00
-3.369234800338745117e+00
-7.905249118804931641e+00
-5.938972473144531250e+00
-3.611119508743286133e+00
-4.400789737701416016e+00
-4.119669437408447266e+00
-4.630081176757812500e+00
-6.337062835693359375e+00
-4.848922729492187500e+00
-5.659774780273437500e+00
-2.954210996627807617e+00
-3.659720182418823242e+00
-4.391063690185546875e+00
-3.570991516113281250e+00
-3.777369260787963867e+00
-3.705790281295776367e+00
-6.010377407073974609e+00
-6.746416568756103516e+00
-5.072254180908203125e+00
-6.233538150787353516e+00
-7.573851108551025391e+00
-6.309810638427734375e+00
-3.522885560989379883e+00
-4.256057739257812500e+00
-3.910664796829223633e+00
-3.108726501464843750e+00
-3.222245454788208008e+00
-3.165687561035156250e+00
-5.906014919281005859e+00
-4.235862731933593750e+00
-6.500255584716796875e+00
-4.427085876464843750e+00
-5.857980251312255859e+00
-3.859450101852416992e+00
-6.568132877349853516e+00
-5.519237518310546875e+00
-2.244730710983276367e+00
-8.228074073791503906e+00
-6.775154113769531250e+00
-4.193289279937744141e+00
-4.035398006439208984e+00
-5.141702175140380859e+00
-6.281691074371337891e+00
-4.032485961914062500e+00
-6.405521392822265625e+00
-6.901785373687744141e+00
-3.953177213668823242e+00
-2.502768278121948242e+00
-6.399953365325927734e+00
-7.361853122711181641e+00
-5.021256923675537109e+00
-4.171433925628662109e+00
-3.774998903274536133e+00
-4.356174468994140625e+00
-5.610661983489990234e+00
-4.942403316497802734e+00
-3.944473266601562500e+00
-4.275512695312500000e+00
-3.707682371139526367e+00
-2.618120908737182617e+00
-3.239916563034057617e+00
-2.622678041458129883e+00
-4.594827175140380859e+00
-3.827955961227416992e+00
-3.408437013626098633e+00
-4.287058353424072266e+00
-5.241475582122802734e+00
-3.479685544967651367e+00
-6.890546321868896484e+00
-1.591016173362731934e+00
-2.782822847366333008e+00
-1.976862549781799316e+00
-4.172697544097900391e+00
-3.889010190963745117e+00
-4.540849208831787109e+00
-3.657455444335937500e+00
-3.824930906295776367e+00
-4.472005367279052734e+00
-7.449741363525390625e+00
-3.226651430130004883e+00
-3.183699369430541992e+00
-3.187492370605468750e+00
-6.389585018157958984e+00
-3.857770204544067383e+00
-3.406167268753051758e+00
-5.495225429534912109e+00
-6.488319396972656250e+00
-4.328160762786865234e+00
-5.105499267578125000e+00
-4.794382572174072266e+00
-3.662195920944213867e+00
-4.389217376708984375e+00
-6.229770660400390625e+00
-7.343354701995849609e+00
-6.035494327545166016e+00
-4.688658237457275391e+00
-4.947183132171630859e+00
-3.868062257766723633e+00
-3.018964052200317383e+00
-4.768596649169921875e+00
-4.189739227294921875e+00
-4.850152492523193359e+00
-5.453319549560546875e+00
-3.683235168457031250e+00
-6.326886653900146484e+00
-4.783622741699218750e+00
-4.566483974456787109e+00
-2.933710813522338867e+00
-3.414187192916870117e+00
-4.765884399414062500e+00
-6.437403559684753418e-01
-5.921281337738037109e+00
-5.866525173187255859e+00
-2.771898984909057617e+00
-3.300442934036254883e+00
-2.535900115966796875e+00
-6.447602748870849609e+00
-5.964228153228759766e+00
-5.059854984283447266e+00
-3.750422239303588867e+00
-5.606472015380859375e+00
-6.527645111083984375e+00
-4.189018249511718750e+00
-2.076199769973754883e+00
-3.509287595748901367e+00
-5.451629638671875000e+00
-5.531851291656494141e+00
-3.050835847854614258e+00
-3.011505126953125000e+00
-3.832763671875000000e+00
-3.224505186080932617e+00
-4.401344299316406250e+00
-5.681879520416259766e+00
-4.303189754486083984e+00
-4.422754764556884766e+00
-2.868825197219848633e+00
-4.048789978027343750e+00
-4.189882755279541016e+00
-6.095919132232666016e+00
-3.114819765090942383e+00
-6.228546142578125000e+00
-3.945130586624145508e+00
-4.848143100738525391e+00
-4.974069118499755859e+00
-2.167058229446411133e+00
-3.834061861038208008e+00
-3.956849336624145508e+00
-6.244657993316650391e+00
-5.366756439208984375e+00
-3.463495969772338867e+00
-3.258349180221557617e+00
-4.041843414306640625e+00
-3.939831972122192383e+00
-4.950984954833984375e+00
-8.432097434997558594e+00
-5.352331638336181641e+00
-3.552996397018432617e+00
-6.646428585052490234e+00
-5.716167449951171875e+00
-6.239498138427734375e+00
-5.901758670806884766e+00
-5.237405300140380859e+00
-5.206150054931640625e+00
-5.198140621185302734e+00
-3.876846313476562500e+00
-5.692864894866943359e+00
-5.805149078369140625e+00
-3.277053833007812500e+00
-3.813395261764526367e+00
-3.775342226028442383e+00
-5.514463901519775391e+00
-3.612887144088745117e+00
-3.089541196823120117e+00
-4.126112461090087891e+00
-4.618760585784912109e+00
-5.870961666107177734e+00
-4.902519226074218750e+00
-4.319707393646240234e+00
-2.783228635787963867e+00
-3.944491147994995117e+00
-3.192536592483520508e+00
-3.921583890914916992e+00
-2.974063873291015625e+00
-2.114597320556640625e+00
-5.272283077239990234e+00
-4.808592319488525391e+00
-3.475112915039062500e+00
-2.643745422363281250e+00
-5.246932983398437500e+00
-6.451871395111083984e+00
-6.145708560943603516e+00
-5.388429164886474609e+00
-5.706857204437255859e+00
-2.855445861816406250e+00
-4.934792995452880859e+00
-5.468566894531250000e+00
-4.518797397613525391e+00
-6.410968780517578125e+00
-5.401954650878906250e+00
-4.786528110504150391e+00
-1.438468933105468750e+00
-1.918505311012268066e+00
-3.726912260055541992e+00
-5.303881168365478516e+00
-4.067972660064697266e+00
-5.629806518554687500e+00
-1.895525574684143066e+00
-1.867004394531250000e+00
-4.334461212158203125e+00
-5.406467437744140625e+00
-3.242038726806640625e+00
-4.319966793060302734e+00
-3.176942110061645508e+00
-4.738109588623046875e+00
-2.964819669723510742e+00
-3.453025817871093750e+00
-5.961732387542724609e+00
-7.548818111419677734e+00
-2.158654451370239258e+00
-5.462116241455078125e+00
-3.072678804397583008e+00
-4.276357173919677734e+00
-3.921199798583984375e+00
-5.636827945709228516e+00
-6.285443782806396484e+00
-4.043271541595458984e+00
-4.252830505371093750e+00
-5.507261753082275391e+00
-4.355861663818359375e+00
-4.624908447265625000e+00
-5.605616092681884766e+00
-4.059857845306396484e+00
-5.003652095794677734e+00
-5.500005245208740234e+00
-5.434008121490478516e+00
-4.960507869720458984e+00
-5.679152011871337891e+00
-4.834784030914306641e+00
-5.209883213043212891e+00
-1.972351074218750000e+00
-4.475137233734130859e+00
-3.793273925781250000e+00
-3.841359376907348633e+00
-5.350556850433349609e+00
-6.835755825042724609e+00
-4.784844875335693359e+00
-5.146967411041259766e+00
-4.722943782806396484e+00
-5.829551696777343750e+00
-4.560118198394775391e+00
-5.876168727874755859e+00
-5.877047061920166016e+00
-3.199447631835937500e+00
-6.070346832275390625e+00
-3.250026702880859375e+00
-3.882137298583984375e+00
-4.999599456787109375e+00
-6.870751857757568359e+00
-3.093737363815307617e+00
-3.219112396240234375e+00
-5.185076236724853516e+00
-5.614038944244384766e+00
-2.670725584030151367e+00
-5.561283111572265625e+00
-8.136090278625488281e+00
-5.191293239593505859e+00
-2.519461393356323242e+00
-3.006004333496093750e+00
-2.727788209915161133e+00
-7.544906616210937500e+00
-2.792216062545776367e+00
-1.936754822731018066e+00
-4.181449890136718750e+00
-6.840460300445556641e+00
-5.928617954254150391e+00
-1.623975157737731934e+00
-5.594005584716796875e+00
-7.917761325836181641e+00
-5.572598934173583984e+00
-4.628004550933837891e+00
-4.783233642578125000e+00
-5.711854457855224609e+00
-2.445246458053588867e+00
-5.023874759674072266e+00
-5.149614810943603516e+00
-3.530577421188354492e+00
-5.921100616455078125e+00
-4.935260772705078125e+00
-4.234676361083984375e+00
-4.750741481781005859e+00
-3.569833040237426758e+00
-6.338998317718505859e+00
-6.809289455413818359e+00
-4.369795322418212891e+00
-3.790953397750854492e+00
-5.327064514160156250e+00
-6.569707393646240234e+00
-3.853571653366088867e+00
-2.276835203170776367e+00
-4.201257228851318359e+00
-4.874578952789306641e+00
-3.146286010742187500e+00
-3.462009429931640625e+00
-4.937848567962646484e+00
-6.547943115234375000e+00
-4.477799892425537109e+00
-9.488891601562500000e+00
-4.954864501953125000e+00
-2.044823884963989258e+00
-7.775733947753906250e+00
-5.395683288574218750e+00
-5.991418361663818359e+00
-5.722264766693115234e+00
-4.925405025482177734e+00
-4.990024566650390625e+00
-5.553434848785400391e+00
-4.089704036712646484e+00
-5.654894351959228516e+00
-4.482980251312255859e+00
-6.045516967773437500e+00
-5.615529537200927734e+00
-3.068352937698364258e+00
-5.728376865386962891e+00
-2.949000120162963867e+00
-4.667289733886718750e+00
-3.008659362792968750e+00
-2.856881380081176758e+00
-4.992079257965087891e+00
-7.562329769134521484e+00
-7.276868343353271484e+00
-3.858011960983276367e+00
-5.309513092041015625e+00
-5.847895145416259766e+00
-5.825338840484619141e+00
-5.265950679779052734e+00
-3.280153989791870117e+00
-5.679939270019531250e+00
-2.527304410934448242e+00
-3.682289123535156250e+00
-5.387409210205078125e+00
-6.686788082122802734e+00
-5.668048858642578125e+00
-5.680666446685791016e+00
-4.150978088378906250e+00
-6.474676609039306641e+00
-5.578357696533203125e+00
-4.782295227050781250e+00
-4.319280147552490234e+00
-2.212230682373046875e+00
-2.503976106643676758e+00
-3.650581359863281250e+00
-4.825655460357666016e+00
-4.973641872406005859e+00
-4.479770660400390625e+00
-7.808728694915771484e+00
-6.096162319183349609e+00
-4.369308471679687500e+00
-5.429328918457031250e+00
-5.349151611328125000e+00
-4.071397304534912109e+00
-6.582032680511474609e+00
-4.835391998291015625e+00
-5.854600429534912109e+00
-4.812042236328125000e+00
-2.319539308547973633e+00
-7.489115595817565918e-01
-4.647947788238525391e+00
-4.933849334716796875e+00
-5.925895690917968750e+00
-4.141236782073974609e+00
-4.106404781341552734e+00
-5.148564815521240234e+00
-4.973547458648681641e+00
-4.674440860748291016e+00
-4.428807735443115234e+00
-3.856106996536254883e+00
-3.148738861083984375e+00
-5.857481479644775391e+00
-4.740692138671875000e+00
-8.015191078186035156e+00
-3.118649721145629883e+00
-3.002342224121093750e+00
-6.140931606292724609e+00
-3.120541810989379883e+00
-1.939069151878356934e+00
-6.537825107574462891e+00
-3.904104948043823242e+00
-5.019209384918212891e+00
-4.526467800140380859e+00
-3.804125547409057617e+00
-3.537617921829223633e+00
-4.857861995697021484e+00
-3.193617582321166992e+00
-5.361408233642578125e+00
-4.616041660308837891e+00
-5.107012271881103516e+00
-3.861470460891723633e+00
-5.425741672515869141e+00
-6.369351863861083984e+00
-4.037474155426025391e+00
-4.524715423583984375e+00
-3.782419919967651367e+00
-4.145205020904541016e+00
-5.635892391204833984e+00
-4.696453094482421875e+00
-5.773544311523437500e+00
-2.919850587844848633e+00
-3.621243715286254883e+00
-5.573366641998291016e+00
-4.030031681060791016e+00
-3.386670351028442383e+00
-1.960529327392578125e+00
-3.342112302780151367e+00
-4.683161258697509766e+00
-7.446447849273681641e+00
-3.624718904495239258e+00
-4.665428161621093750e+00
-4.778848171234130859e+00
-3.955870389938354492e+00
-2.980704069137573242e+00
-3.415246248245239258e+00
-3.590459108352661133e+00
-7.075425624847412109e+00
-5.861283779144287109e+00
-4.139713287353515625e+00
-5.681005001068115234e+00
-3.188364744186401367e+00
-6.551349639892578125e+00
-5.485243320465087891e+00
-5.222831726074218750e+00
-5.284442901611328125e+00
-5.386312961578369141e+00
-5.665790557861328125e+00
-3.213228940963745117e+00
-6.645942687988281250e+00
-2.882906675338745117e+00
-5.607283115386962891e+00
-2.642832517623901367e+00
-1.959690093994140625e+00
-4.065023899078369141e+00
-6.415363311767578125e+00
-7.222605228424072266e+00
-4.963996887207031250e+00
-4.866209506988525391e+00
-3.775014162063598633e+00
-4.379461765289306641e+00
-5.203065395355224609e+00
-2.881647825241088867e+00
-4.369010925292968750e+00
-6.212141513824462891e+00
-6.742198944091796875e+00
-8.547637939453125000e+00
-5.946302890777587891e+00
-3.780101776123046875e+00
-4.134150028228759766e+00
-5.402652740478515625e+00
-5.024728298187255859e+00
-4.966388702392578125e+00
-5.362325191497802734e+00
-5.794504642486572266e+00
-8.026883125305175781e+00
-6.904444217681884766e+00
-4.713133335113525391e+00
-5.136881351470947266e+00
-6.093813419342041016e+00
-2.515635251998901367e+00
-2.975021362304687500e+00
-5.892404079437255859e+00
-4.675186157226562500e+00
-5.371447086334228516e+00
-3.743624448776245117e+00
-5.560228824615478516e+00
-4.067802429199218750e+00
-2.504723787307739258e+00
-5.752351284027099609e+00
-6.857591152191162109e+00
-4.333142757415771484e+00
-4.065447330474853516e+00
-4.680328369140625000e+00
-5.307778835296630859e+00
-2.445582151412963867e+00
-6.460350036621093750e+00
-4.579199314117431641e+00
-4.905784606933593750e+00
-4.006486415863037109e+00
-4.401639461517333984e+00
-4.735608577728271484e+00
-4.043821811676025391e+00
-3.373357057571411133e+00
-4.570275783538818359e+00
-3.294011354446411133e+00
-6.837701320648193359e+00
-5.951740264892578125e+00
-3.074424743652343750e+00
