3.066601753234863281e-01
3.018602728843688965e-01
3.081886172294616699e-01
3.027471899986267090e-01
3.022521734237670898e-01
2.924543917179107666e-01
2.970454990863800049e-01
2.994761466979980469e-01
3.049633502960205078e-01
2.977290451526641846e-01
3.102153241634368896e-01
3.092579841613769531e-01
3.057948946952819824e-01
3.091458380222320557e-01
3.042005300521850586e-01
2.993371188640594482e-01
3.047222197055816650e-01
3.032385408878326416e-01
3.027786016464233398e-01
2.993483841419219971e-01
3.027202486991882324e-01
3.000840544700622559e-01
3.072721660137176514e-01
2.949094474315643311e-01
3.006004989147186279e-01
3.008298575878143311e-01
3.080897629261016846e-01
3.009583353996276855e-01
2.916807234287261963e-01
3.019280731678009033e-01
3.031361103057861328e-01
2.974903285503387451e-01
3.035317659378051758e-01
2.939965426921844482e-01
2.996154427528381348e-01
2.968397736549377441e-01
2.991910874843597412e-01
3.006257414817810059e-01
3.044187426567077637e-01
3.045829534530639648e-01
2.978792190551757812e-01
3.030495047569274902e-01
2.941765189170837402e-01
3.035016059875488281e-01
3.028136193752288818e-01
3.048754036426544189e-01
3.066976666450500488e-01
3.117070794105529785e-01
3.080074191093444824e-01
2.960050404071807861e-01
2.968148887157440186e-01
3.028990328311920166e-01
3.017673492431640625e-01
3.002170920372009277e-01
2.897464036941528320e-01
2.992794513702392578e-01
3.056150972843170166e-01
3.069161176681518555e-01
3.027526140213012695e-01
3.057372868061065674e-01
3.045828640460968018e-01
3.046796619892120361e-01
3.005745112895965576e-01
2.990099787712097168e-01
3.030217885971069336e-01
3.041147589683532715e-01
3.027234971523284912e-01
2.988254427909851074e-01
3.007507026195526123e-01
2.972551584243774414e-01
2.991806864738464355e-01
3.006809651851654053e-01
2.995084524154663086e-01
3.054839074611663818e-01
3.049048185348510742e-01
3.028376996517181396e-01
3.040637075901031494e-01
3.080879449844360352e-01
3.082962036132812500e-01
3.020555675029754639e-01
3.057406842708587646e-01
2.965343594551086426e-01
2.989822626113891602e-01
3.133232593536376953e-01
3.078613579273223877e-01
3.083890676498413086e-01
3.009931743144989014e-01
2.965272068977355957e-01
3.042645156383514404e-01
3.055669069290161133e-01
3.037243485450744629e-01
2.943323552608489990e-01
2.866172194480895996e-01
3.008456528186798096e-01
2.959573566913604736e-01
3.035615384578704834e-01
2.914698123931884766e-01
2.987748980522155762e-01
2.948841154575347900e-01
3.143330514430999756e-01
3.101205527782440186e-01
3.065082728862762451e-01
3.090646266937255859e-01
2.974356710910797119e-01
2.955760657787322998e-01
3.019532263278961182e-01
2.979942858219146729e-01
3.064623177051544189e-01
3.067040145397186279e-01
3.054562211036682129e-01
3.032834529876708984e-01
3.029799461364746094e-01
3.079262077808380127e-01
3.102875053882598877e-01
3.062019050121307373e-01
3.030539751052856445e-01
3.037771582603454590e-01
3.106449246406555176e-01
3.078293502330780029e-01
3.071827590465545654e-01
3.034609258174896240e-01
3.026268184185028076e-01
3.106110990047454834e-01
2.982258796691894531e-01
2.953359782695770264e-01
2.995657324790954590e-01
3.042779564857482910e-01
3.056909441947937012e-01
3.015813529491424561e-01
3.042317330837249756e-01
3.001125156879425049e-01
3.015164434909820557e-01
3.032226860523223877e-01
2.990164160728454590e-01
2.988765537738800049e-01
2.970089018344879150e-01
3.056450486183166504e-01
3.056776225566864014e-01
3.054911494255065918e-01
3.020240068435668945e-01
3.024890124797821045e-01
3.006377816200256348e-01
3.028374910354614258e-01
3.003546893596649170e-01
2.975803613662719727e-01
3.040343225002288818e-01
3.085502386093139648e-01
3.102473318576812744e-01
3.047747910022735596e-01
2.893037199974060059e-01
3.122056126594543457e-01
3.084512948989868164e-01
2.985168695449829102e-01
3.018267452716827393e-01
2.888605594635009766e-01
3.045715093612670898e-01
2.996315360069274902e-01
3.041400909423828125e-01
3.002510964870452881e-01
2.944295406341552734e-01
2.994790971279144287e-01
2.931495308876037598e-01
2.892300486564636230e-01
2.993545532226562500e-01
3.009306192398071289e-01
3.032293915748596191e-01
3.058991730213165283e-01
3.115016818046569824e-01
3.142602741718292236e-01
3.013208806514739990e-01
3.019431531429290771e-01
2.982715070247650146e-01
3.013904094696044922e-01
3.048096895217895508e-01
3.063581585884094238e-01
3.014572262763977051e-01
3.089387118816375732e-01
3.025420904159545898e-01
3.089420497417449951e-01
3.077225685119628906e-01
3.003562092781066895e-01
2.991265654563903809e-01
2.983920276165008545e-01
3.040302693843841553e-01
3.044871985912322998e-01
3.069615662097930908e-01
3.146921694278717041e-01
3.135228157043457031e-01
3.089681863784790039e-01
3.083423972129821777e-01
3.046182990074157715e-01
3.033101260662078857e-01
3.037850856781005859e-01
2.997919917106628418e-01
2.991220057010650635e-01
3.011350333690643311e-01
2.858795225620269775e-01
2.987635135650634766e-01
3.043709099292755127e-01
3.085344731807708740e-01
2.964858114719390869e-01
3.037596642971038818e-01
3.047842085361480713e-01
2.989989221096038818e-01
2.993554770946502686e-01
2.958252727985382080e-01
3.025920391082763672e-01
3.083424568176269531e-01
3.022710978984832764e-01
3.006499111652374268e-01
3.072606027126312256e-01
3.093132674694061279e-01
3.117959797382354736e-01
3.038377165794372559e-01
2.970146834850311279e-01
2.987484633922576904e-01
3.031636476516723633e-01
2.967715561389923096e-01
3.004204928874969482e-01
2.998916506767272949e-01
3.066275119781494141e-01
3.109455406665802002e-01
3.036656379699707031e-01
3.023797869682312012e-01
2.975183129310607910e-01
3.035726249217987061e-01
2.997802495956420898e-01
3.010382950305938721e-01
3.023583590984344482e-01
2.991886138916015625e-01
2.955486774444580078e-01
3.057897686958312988e-01
3.091554939746856689e-01
3.059719502925872803e-01
3.015933036804199219e-01
2.993489503860473633e-01
2.905794382095336914e-01
3.030126690864562988e-01
3.006024062633514404e-01
2.989908456802368164e-01
2.969538271427154541e-01
2.941809296607971191e-01
3.070746958255767822e-01
3.059143126010894775e-01
3.110239803791046143e-01
3.027814626693725586e-01
2.954645454883575439e-01
3.107395768165588379e-01
3.026226460933685303e-01
3.022097647190093994e-01
3.074410855770111084e-01
2.968473136425018311e-01
3.103311061859130859e-01
3.093388080596923828e-01
3.125709891319274902e-01
3.065710663795471191e-01
2.990941703319549561e-01
3.010186553001403809e-01
3.020682632923126221e-01
3.003772199153900146e-01
3.138684034347534180e-01
3.170824050903320312e-01
3.095239400863647461e-01
2.999661564826965332e-01
3.026258349418640137e-01
3.023605346679687500e-01
3.033047616481781006e-01
3.004541695117950439e-01
3.104146718978881836e-01
3.039220273494720459e-01
2.928262650966644287e-01
2.943727970123291016e-01
2.996100187301635742e-01
3.035391271114349365e-01
2.994015514850616455e-01
3.071059286594390869e-01
2.966634035110473633e-01
3.075589835643768311e-01
3.047554194927215576e-01
3.003407120704650879e-01
3.013675808906555176e-01
3.064232766628265381e-01
2.972548305988311768e-01
3.021137714385986328e-01
3.009952902793884277e-01
3.022812008857727051e-01
3.075820803642272949e-01
3.016645312309265137e-01
2.998132109642028809e-01
2.914915978908538818e-01
2.881880998611450195e-01
2.951170206069946289e-01
3.006100356578826904e-01
3.074201643466949463e-01
3.074808120727539062e-01
3.043469488620758057e-01
3.026582598686218262e-01
3.054317235946655273e-01
3.061870634555816650e-01
3.032835125923156738e-01
3.055375218391418457e-01
3.031333386898040771e-01
3.025251328945159912e-01
3.027375042438507080e-01
2.933269143104553223e-01
3.047656416893005371e-01
3.146452009677886963e-01
3.044981956481933594e-01
3.019914031028747559e-01
3.025452494621276855e-01
3.008279502391815186e-01
2.960928380489349365e-01
2.965514361858367920e-01
3.067173063755035400e-01
3.053638041019439697e-01
3.108942806720733643e-01
3.014039397239685059e-01
3.023236989974975586e-01
3.037188947200775146e-01
3.048893213272094727e-01
3.056627511978149414e-01
3.044316470623016357e-01
3.032083511352539062e-01
3.015036284923553467e-01
3.051920533180236816e-01
3.060977160930633545e-01
3.041334152221679688e-01
2.990845441818237305e-01
3.011646568775177002e-01
3.008356094360351562e-01
3.066087663173675537e-01
3.032472729682922363e-01
3.045553267002105713e-01
3.062864243984222412e-01
3.067063093185424805e-01
3.052543997764587402e-01
2.988726496696472168e-01
3.088232278823852539e-01
3.028808236122131348e-01
3.032342791557312012e-01
3.055325448513031006e-01
3.036920130252838135e-01
2.994783520698547363e-01
3.031980097293853760e-01
3.059108257293701172e-01
3.076516687870025635e-01
3.074992001056671143e-01
3.072370290756225586e-01
3.005636334419250488e-01
2.963207364082336426e-01
3.022885322570800781e-01
2.970035970211029053e-01
3.068418502807617188e-01
3.015128970146179199e-01
3.050558865070343018e-01
3.057386279106140137e-01
3.000515103340148926e-01
3.049764335155487061e-01
3.087402582168579102e-01
3.044192194938659668e-01
3.108589947223663330e-01
3.032396733760833740e-01
3.044975996017456055e-01
3.032589554786682129e-01
3.056851029396057129e-01
2.991450130939483643e-01
2.953145205974578857e-01
2.923826873302459717e-01
2.962734103202819824e-01
2.887071967124938965e-01
2.990830540657043457e-01
3.058897256851196289e-01
3.049846291542053223e-01
3.015859127044677734e-01
3.024804592132568359e-01
3.005838990211486816e-01
2.952450811862945557e-01
3.055550456047058105e-01
3.047868013381958008e-01
3.036541640758514404e-01
2.987644076347351074e-01
3.035853207111358643e-01
3.024540245532989502e-01
2.994000613689422607e-01
3.033409714698791504e-01
2.937599718570709229e-01
2.947046160697937012e-01
3.050670623779296875e-01
3.034207522869110107e-01
3.026126921176910400e-01
3.051728606224060059e-01
3.059674203395843506e-01
3.047493398189544678e-01
2.980374991893768311e-01
3.068243265151977539e-01
3.098624348640441895e-01
2.980728149414062500e-01
2.944642305374145508e-01
3.040029704570770264e-01
3.049658834934234619e-01
3.083559274673461914e-01
3.029679656028747559e-01
2.982304692268371582e-01
3.038757443428039551e-01
2.968280911445617676e-01
3.039345145225524902e-01
3.015097081661224365e-01
3.075976669788360596e-01
3.078630864620208740e-01
3.045169711112976074e-01
2.971447706222534180e-01
3.079035580158233643e-01
3.051918447017669678e-01
3.042938113212585449e-01
3.088055551052093506e-01
3.083398342132568359e-01
3.050201535224914551e-01
3.025530874729156494e-01
3.015435039997100830e-01
2.999595403671264648e-01
3.028720915317535400e-01
3.030537962913513184e-01
3.075945675373077393e-01
3.054938614368438721e-01
3.051058948040008545e-01
3.012832701206207275e-01
3.019742071628570557e-01
3.042591512203216553e-01
3.064810931682586670e-01
3.067755997180938721e-01
3.037396967411041260e-01
2.868742048740386963e-01
3.050240874290466309e-01
3.059989511966705322e-01
3.034457266330718994e-01
2.927928864955902100e-01
2.995959222316741943e-01
2.996329367160797119e-01
3.119480311870574951e-01
3.079599142074584961e-01
3.100180029869079590e-01
3.070691823959350586e-01
3.112290501594543457e-01
3.083271086215972900e-01
2.984499931335449219e-01
2.987732291221618652e-01
3.020811975002288818e-01
3.002266287803649902e-01
2.974669039249420166e-01
3.055743277072906494e-01
3.045811951160430908e-01
3.041969835758209229e-01
3.047133088111877441e-01
3.051592111587524414e-01
3.052531778812408447e-01
3.035942316055297852e-01
3.042098879814147949e-01
3.121764063835144043e-01
3.096853494644165039e-01
3.018560111522674561e-01
3.030895888805389404e-01
3.016538619995117188e-01
2.825384438037872314e-01
2.912962734699249268e-01
3.022854328155517578e-01
3.019576966762542725e-01
3.009021878242492676e-01
3.047833144664764404e-01
2.999554276466369629e-01
3.045877218246459961e-01
3.037017583847045898e-01
3.034529387950897217e-01
3.087886273860931396e-01
3.076803684234619141e-01
3.026302456855773926e-01
3.019587397575378418e-01
3.067851364612579346e-01
2.981046736240386963e-01
2.885383069515228271e-01
2.949472963809967041e-01
3.049037456512451172e-01
2.983749508857727051e-01
3.060131967067718506e-01
3.052271902561187744e-01
3.039496839046478271e-01
3.066557645797729492e-01
3.075652420520782471e-01
3.023352324962615967e-01
3.038187623023986816e-01
3.071271479129791260e-01
3.069215714931488037e-01
3.014028072357177734e-01
3.085382878780364990e-01
3.063673079013824463e-01
3.017220199108123779e-01
3.049111664295196533e-01
3.035563826560974121e-01
2.968627810478210449e-01
2.956796884536743164e-01
3.058990240097045898e-01
3.096836209297180176e-01
2.832387983798980713e-01
2.994344830513000488e-01
3.003502488136291504e-01
3.031006753444671631e-01
3.009410500526428223e-01
3.028994798660278320e-01
3.039523065090179443e-01
3.141431510448455811e-01
3.105299770832061768e-01
3.018008768558502197e-01
3.046046197414398193e-01
3.086075186729431152e-01
3.017758429050445557e-01
3.085042238235473633e-01
3.043002188205718994e-01
3.098060190677642822e-01
3.065169453620910645e-01
3.092835545539855957e-01
3.119871318340301514e-01
3.052683174610137939e-01
3.004228770732879639e-01
3.012713789939880371e-01
3.014316558837890625e-01
3.020177483558654785e-01
3.072828948497772217e-01
3.089734017848968506e-01
3.032806515693664551e-01
3.006348013877868652e-01
3.020460903644561768e-01
3.069798946380615234e-01
3.082284927368164062e-01
2.998802363872528076e-01
3.043633401393890381e-01
2.990528643131256104e-01
2.999105751514434814e-01
3.059493899345397949e-01
3.069836795330047607e-01
2.987908124923706055e-01
3.027492165565490723e-01
3.046903610229492188e-01
3.041901886463165283e-01
3.085237443447113037e-01
2.994230985641479492e-01
2.971211969852447510e-01
3.007546365261077881e-01
3.049072325229644775e-01
3.017342090606689453e-01
2.951537966728210449e-01
2.915181517601013184e-01
3.003975152969360352e-01
3.104086220264434814e-01
3.060006797313690186e-01
3.010967373847961426e-01
3.000303506851196289e-01
3.040481209754943848e-01
3.087773919105529785e-01
3.113324642181396484e-01
2.954512536525726318e-01
3.118822574615478516e-01
3.052857518196105957e-01
3.089505136013031006e-01
3.067367374897003174e-01
3.095202744007110596e-01
3.029673397541046143e-01
3.020566701889038086e-01
3.007297515869140625e-01
3.032002151012420654e-01
3.065773546695709229e-01
3.017935156822204590e-01
3.030368685722351074e-01
3.054706156253814697e-01
3.040386736392974854e-01
3.046384453773498535e-01
3.078973293304443359e-01
3.056381940841674805e-01
3.050698637962341309e-01
3.019834160804748535e-01
3.035492300987243652e-01
2.996435761451721191e-01
3.092764317989349365e-01
3.011627197265625000e-01
3.003676235675811768e-01
3.031890988349914551e-01
3.001701831817626953e-01
3.032040596008300781e-01
3.025140166282653809e-01
3.063350319862365723e-01
3.002345561981201172e-01
3.045465946197509766e-01
3.040473759174346924e-01
2.944059967994689941e-01
3.026921451091766357e-01
2.890594303607940674e-01
3.048103451728820801e-01
3.039047420024871826e-01
3.059789240360260010e-01
3.118662536144256592e-01
2.986492812633514404e-01
2.992447018623352051e-01
2.987297773361206055e-01
2.934526801109313965e-01
2.915281057357788086e-01
3.037005662918090820e-01
3.067914545536041260e-01
3.050856888294219971e-01
2.948009371757507324e-01
3.025114238262176514e-01
3.102127909660339355e-01
3.047187328338623047e-01
3.014528453350067139e-01
3.068623542785644531e-01
3.085371553897857666e-01
3.017070293426513672e-01
3.054316341876983643e-01
3.029138445854187012e-01
3.043873012065887451e-01
3.093624711036682129e-01
3.016494512557983398e-01
3.020987808704376221e-01
3.042264580726623535e-01
3.046359419822692871e-01
3.039983212947845459e-01
3.047145903110504150e-01
3.060787916183471680e-01
3.034446239471435547e-01
3.035556972026824951e-01
2.927642464637756348e-01
3.063410520553588867e-01
3.140089809894561768e-01
3.009511530399322510e-01
3.010789155960083008e-01
2.993949055671691895e-01
3.088796138763427734e-01
3.084246516227722168e-01
3.052461743354797363e-01
2.947993874549865723e-01
3.012039959430694580e-01
3.007517158985137939e-01
3.024067580699920654e-01
3.067531287670135498e-01
3.031238913536071777e-01
3.002535700798034668e-01
3.020950555801391602e-01
3.005220890045166016e-01
3.042159974575042725e-01
2.972435653209686279e-01
2.981175482273101807e-01
3.012422621250152588e-01
2.995195686817169189e-01
3.089535236358642578e-01
3.047609329223632812e-01
2.989504337310791016e-01
2.998423874378204346e-01
2.977377176284790039e-01
3.012418746948242188e-01
3.048403859138488770e-01
3.094382882118225098e-01
3.073427081108093262e-01
3.064837753772735596e-01
3.040994405746459961e-01
3.018049299716949463e-01
3.073982894420623779e-01
3.085633218288421631e-01
3.010566532611846924e-01
2.981754541397094727e-01
3.056771755218505859e-01
2.983095347881317139e-01
3.012148141860961914e-01
3.051854372024536133e-01
3.002842366695404053e-01
3.007999956607818604e-01
3.078801631927490234e-01
2.989528179168701172e-01
2.941643297672271729e-01
2.909642457962036133e-01
2.984851300716400146e-01
3.040983974933624268e-01
3.027597367763519287e-01
2.968137860298156738e-01
3.037966787815093994e-01
3.052773773670196533e-01
2.988323867321014404e-01
2.943848669528961182e-01
2.980984747409820557e-01
3.090535402297973633e-01
2.984180748462677002e-01
2.959474921226501465e-01
2.996240556240081787e-01
3.048599064350128174e-01
3.043200373649597168e-01
3.037276566028594971e-01
3.054250478744506836e-01
3.051554560661315918e-01
3.034026920795440674e-01
3.077225685119628906e-01
3.037940859794616699e-01
2.907989621162414551e-01
3.020514249801635742e-01
2.997639775276184082e-01
3.066011369228363037e-01
3.024473190307617188e-01
3.049257695674896240e-01
3.047928214073181152e-01
3.053623139858245850e-01
3.076497316360473633e-01
3.084199130535125732e-01
3.049986660480499268e-01
3.065580129623413086e-01
3.034251630306243896e-01
2.995665669441223145e-01
3.118638098239898682e-01
3.000808656215667725e-01
3.057648539543151855e-01
2.988755106925964355e-01
2.982106208801269531e-01
2.968845665454864502e-01
2.978129684925079346e-01
3.015895783901214600e-01
3.077291846275329590e-01
3.020792901515960693e-01
2.987916171550750732e-01
3.028561472892761230e-01
3.010403215885162354e-01
3.014074563980102539e-01
3.074044883251190186e-01
3.053237795829772949e-01
3.020324409008026123e-01
3.050754666328430176e-01
3.090098798274993896e-01
3.090977370738983154e-01
3.113939762115478516e-01
2.996205687522888184e-01
3.040545582771301270e-01
2.925834059715270996e-01
2.998573184013366699e-01
3.037649393081665039e-01
3.039577603340148926e-01
3.085442781448364258e-01
3.084926307201385498e-01
3.096059858798980713e-01
3.024942278861999512e-01
3.045342266559600830e-01
3.029822707176208496e-01
3.008184432983398438e-01
3.094733059406280518e-01
2.964994311332702637e-01
2.996740341186523438e-01
3.007984161376953125e-01
3.064393401145935059e-01
3.038828670978546143e-01
3.025723993778228760e-01
2.952286005020141602e-01
3.007177710533142090e-01
3.051341772079467773e-01
2.791032493114471436e-01
3.107768893241882324e-01
2.982306778430938721e-01
2.969475090503692627e-01
2.997346222400665283e-01
3.044460415840148926e-01
3.017279207706451416e-01
2.906680107116699219e-01
3.005765676498413086e-01
3.044718503952026367e-01
3.030796051025390625e-01
3.089312613010406494e-01
2.981986403465270996e-01
3.012864887714385986e-01
3.078657984733581543e-01
3.032681345939636230e-01
2.863959670066833496e-01
3.023190498352050781e-01
3.006964027881622314e-01
2.985690534114837646e-01
3.038988411426544189e-01
3.113003373146057129e-01
3.095547854900360107e-01
2.989863455295562744e-01
3.024614751338958740e-01
3.053257465362548828e-01
3.022772371768951416e-01
3.082659244537353516e-01
3.018143475055694580e-01
2.989764511585235596e-01
2.992404401302337646e-01
3.003499209880828857e-01
2.997315526008605957e-01
2.952295243740081787e-01
3.001881837844848633e-01
2.975104749202728271e-01
2.967448234558105469e-01
2.908302545547485352e-01
3.047723472118377686e-01
3.069227337837219238e-01
3.029088377952575684e-01
2.982766330242156982e-01
2.983265519142150879e-01
3.065182268619537354e-01
3.027522861957550049e-01
3.020009100437164307e-01
3.037017583847045898e-01
3.017993867397308350e-01
3.042939603328704834e-01
2.976316511631011963e-01
3.084982633590698242e-01
3.050647675991058350e-01
2.996159493923187256e-01
2.978695631027221680e-01
2.979182898998260498e-01
3.034674227237701416e-01
2.975098788738250732e-01
2.962401211261749268e-01
3.019463121891021729e-01
3.041345477104187012e-01
3.059768676757812500e-01
2.985962033271789551e-01
2.903567254543304443e-01
3.009161055088043213e-01
3.045114278793334961e-01
3.095926642417907715e-01
3.082401752471923828e-01
2.987928092479705811e-01
3.007304668426513672e-01
3.069486618041992188e-01
3.072985708713531494e-01
3.056305050849914551e-01
3.037947714328765869e-01
3.074437677860260010e-01
3.092404901981353760e-01
3.098999857902526855e-01
3.076887130737304688e-01
3.120362162590026855e-01
3.109462857246398926e-01
3.048890829086303711e-01
3.053437173366546631e-01
3.073354065418243408e-01
3.094073832035064697e-01
3.061397671699523926e-01
3.082922995090484619e-01
3.020888566970825195e-01
3.035178780555725098e-01
3.038142025470733643e-01
3.046623766422271729e-01
3.054747879505157471e-01
3.086818158626556396e-01
3.002897500991821289e-01
2.906247079372406006e-01
2.990348339080810547e-01
3.029962480068206787e-01
2.983369827270507812e-01
3.030426204204559326e-01
3.045029640197753906e-01
3.077947795391082764e-01
3.079942166805267334e-01
3.050505220890045166e-01
3.081683516502380371e-01
3.023416399955749512e-01
3.020798861980438232e-01
2.985292673110961914e-01
3.001905083656311035e-01
3.032829165458679199e-01
3.047957718372344971e-01
3.039818406105041504e-01
3.016479611396789551e-01
2.934754490852355957e-01
3.015367984771728516e-01
3.083959817886352539e-01
3.052546083927154541e-01
2.992344796657562256e-01
2.997115850448608398e-01
3.078452646732330322e-01
3.105812668800354004e-01
3.039709329605102539e-01
3.092714250087738037e-01
3.072505295276641846e-01
3.025911152362823486e-01
3.104937672615051270e-01
3.059025704860687256e-01
3.072897195816040039e-01
3.032960891723632812e-01
3.060688972473144531e-01
3.058241009712219238e-01
3.055758774280548096e-01
2.990779578685760498e-01
2.975388467311859131e-01
2.961075901985168457e-01
3.017285466194152832e-01
2.950339019298553467e-01
3.062210381031036377e-01
3.122797906398773193e-01
3.065412044525146484e-01
3.016377389430999756e-01
3.078389465808868408e-01
3.030822873115539551e-01
3.078128099441528320e-01
3.017794787883758545e-01
2.998070120811462402e-01
3.108975887298583984e-01
3.051286637783050537e-01
3.043829202651977539e-01
2.987779080867767334e-01
2.953906059265136719e-01
2.967526614665985107e-01
2.948863804340362549e-01
2.980011701583862305e-01
3.035419881343841553e-01
3.059545755386352539e-01
3.089371025562286377e-01
3.034111261367797852e-01
3.016275763511657715e-01
2.973636090755462646e-01
3.046786785125732422e-01
3.017676770687103271e-01
3.025986850261688232e-01
3.014777600765228271e-01
2.992122769355773926e-01
2.989653646945953369e-01
2.979483902454376221e-01
2.951400578022003174e-01
2.980890870094299316e-01
3.050045669078826904e-01
3.032319247722625732e-01
3.113471567630767822e-01
3.041383922100067139e-01
3.031474053859710693e-01
3.076060116291046143e-01
3.035439848899841309e-01
3.014917075634002686e-01
3.016334772109985352e-01
3.031601011753082275e-01
2.991113066673278809e-01
3.092857599258422852e-01
3.079354166984558105e-01
3.015688955783843994e-01
2.944537699222564697e-01
3.088166415691375732e-01
3.023286759853363037e-01
3.024131059646606445e-01
3.108475804328918457e-01
3.086904585361480713e-01
3.053999841213226318e-01
3.051002025604248047e-01
2.998438477516174316e-01
3.009902834892272949e-01
3.060021996498107910e-01
3.081720173358917236e-01
3.021333515644073486e-01
2.986656427383422852e-01
3.049546480178833008e-01
3.044459223747253418e-01
2.985694408416748047e-01
3.049848675727844238e-01
3.063443303108215332e-01
3.007584810256958008e-01
3.045562505722045898e-01
3.108278214931488037e-01
3.022180199623107910e-01
2.987298965454101562e-01
3.035804331302642822e-01
3.062834441661834717e-01
3.053648769855499268e-01
3.023428618907928467e-01
3.059904873371124268e-01
3.110002875328063965e-01
2.979921102523803711e-01
3.043683171272277832e-01
3.073353767395019531e-01
3.064638972282409668e-01
3.047187030315399170e-01
3.066719174385070801e-01
3.015632927417755127e-01
2.992856502532958984e-01
3.077975213527679443e-01
3.073651194572448730e-01
3.022951483726501465e-01
3.026172518730163574e-01
2.983221709728240967e-01
2.986724078655242920e-01
3.093363046646118164e-01
3.064437508583068848e-01
2.817981839179992676e-01
3.055109977722167969e-01
2.900707125663757324e-01
2.997881770133972168e-01
3.013532161712646484e-01
2.993788421154022217e-01
3.001634776592254639e-01
3.096372783184051514e-01
3.107537627220153809e-01
2.998736500740051270e-01
3.018242716789245605e-01
2.990562915802001953e-01
3.042353689670562744e-01
3.059203028678894043e-01
3.042632341384887695e-01
3.012436926364898682e-01
3.045356869697570801e-01
2.847518920898437500e-01
3.066213726997375488e-01
